7.393207056718170689e-01 2.316268498903353290e-01 9.151063176154138334e-01
9.247060651464790171e-01 3.986590526601097029e-02 9.884426166013171589e-01
9.247060651464790171e-01 3.986590526601097029e-02 9.884426166013171589e-01
9.247060651464790171e-01 3.986590526601097029e-02 9.884426166013171589e-01
9.247060651464790171e-01 3.986590526601097029e-02 9.884426166013171589e-01
9.247060651464790171e-01 3.986590526601097029e-02 9.884426166013171589e-01
7.853685375841648053e-01 9.552518651257785320e-02 8.828034839245595400e-01
7.853685375841648053e-01 9.552518651257785320e-02 8.828034839245595400e-01
7.853685375841648053e-01 9.552518651257785320e-02 8.828034839245595400e-01
7.853685375841648053e-01 9.552518651257785320e-02 8.828034839245595400e-01
7.853685375841648053e-01 9.552518651257785320e-02 8.828034839245595400e-01
7.853685375841648053e-01 9.552518651257785320e-02 8.828034839245595400e-01
7.853685375841648053e-01 9.552518651257785320e-02 8.828034839245595400e-01
7.834959155418497190e-01 9.819351492020259031e-02 8.824802908573670113e-01
7.834959155418497190e-01 9.819351492020259031e-02 8.824802908573670113e-01
7.834959155418497190e-01 9.819351492020259031e-02 8.824802908573670113e-01
7.967481905546337506e-01 7.931014118902970922e-02 8.847674813912161929e-01
7.967481905546337506e-01 7.931014118902970922e-02 8.847674813912161929e-01
7.967481905546337506e-01 7.931014118902970922e-02 8.847674813912161929e-01
8.366025233648435311e-01 1.445339095011521913e-02 9.132912922349042395e-01
8.366025233648435311e-01 1.445339095011521913e-02 9.132912922349042395e-01
8.366025233648435311e-01 1.445339095011521913e-02 9.132912922349042395e-01
8.366025233648435311e-01 1.445339095011521913e-02 9.132912922349042395e-01
7.188037137483574979e-01 8.743256656708467411e-02 8.180385340351834511e-01
7.188037137483574979e-01 8.743256656708467411e-02 8.180385340351834511e-01
7.393207056718170689e-01 2.316268498903353290e-01 9.151063176154138334e-01
7.264008742031482502e-01 2.233221528849549387e-01 8.976218938496667299e-01
7.266170135948089026e-01 2.004972825695892080e-01 8.952566277354442326e-01
7.266170135948089026e-01 2.004972825695892080e-01 8.952566277354442326e-01
7.266170135948089026e-01 2.004972825695892080e-01 8.952566277354442326e-01
7.266170135948089026e-01 2.004972825695892080e-01 8.952566277354442326e-01
6.823637611189340424e-01 1.804487519307162169e-01 8.363404783833792155e-01
6.823637611189340424e-01 1.804487519307162169e-01 8.363404783833792155e-01
6.823637611189340424e-01 1.804487519307162169e-01 8.363404783833792155e-01
6.823637611189340424e-01 1.804487519307162169e-01 8.363404783833792155e-01
6.727776602368998882e-01 1.730975616362413483e-01 7.761577426371698563e-01
6.727776602368998882e-01 1.730975616362413483e-01 7.761577426371698563e-01
6.727776602368998882e-01 1.730975616362413483e-01 7.761577426371698563e-01
6.727776602368998882e-01 1.730975616362413483e-01 7.761577426371698563e-01
6.727776602368998882e-01 1.730975616362413483e-01 7.761577426371698563e-01
6.727776602368998882e-01 1.730975616362413483e-01 7.761577426371698563e-01
6.763362394654045540e-01 1.735069270520907536e-01 7.619351840748216365e-01
6.763362394654045540e-01 1.735069270520907536e-01 7.619351840748216365e-01
6.763362394654045540e-01 1.735069270520907536e-01 7.619351840748216365e-01
6.985353015397355314e-01 1.022063526708641978e-01 8.127066124101868239e-01
6.985353015397355314e-01 1.022063526708641978e-01 8.127066124101868239e-01
6.985353015397355314e-01 1.022063526708641978e-01 8.127066124101868239e-01
6.985353015397355314e-01 1.022063526708641978e-01 8.127066124101868239e-01
6.985353015397355314e-01 1.022063526708641978e-01 8.127066124101868239e-01
6.996227152541208971e-01 1.060735139672089739e-01 8.036542972662041873e-01
7.393207056718170689e-01 2.316268498903353290e-01 9.151063176154138334e-01
7.031809968449965753e-01 2.083967224388091621e-01 8.661984053542373108e-01
7.031809968449965753e-01 2.083967224388091621e-01 8.661984053542373108e-01
6.968724859586342690e-01 2.043416949724345677e-01 8.576610898377406977e-01
8.128254521049851355e-01 9.452711682614917121e-02 8.613216638862271068e-01
8.128254521049851355e-01 9.452711682614917121e-02 8.613216638862271068e-01
8.128254521049851355e-01 9.452711682614917121e-02 8.613216638862271068e-01
8.128254521049851355e-01 9.452711682614917121e-02 8.613216638862271068e-01
8.128254521049851355e-01 9.452711682614917121e-02 8.613216638862271068e-01
8.128254521049851355e-01 9.452711682614917121e-02 8.613216638862271068e-01
8.128254521049851355e-01 9.452711682614917121e-02 8.613216638862271068e-01
8.128254521049851355e-01 9.452711682614917121e-02 8.613216638862271068e-01
7.483446627442527088e-01 1.168363411298751486e-01 8.270642615610600545e-01
7.483446627442527088e-01 1.168363411298751486e-01 8.270642615610600545e-01
7.483446627442527088e-01 1.168363411298751486e-01 8.270642615610600545e-01
7.483446627442527088e-01 1.168363411298751486e-01 8.270642615610600545e-01
7.483446627442527088e-01 1.168363411298751486e-01 8.270642615610600545e-01
7.483446627442527088e-01 1.168363411298751486e-01 8.270642615610600545e-01
7.489424824430364058e-01 1.161994789740239120e-01 8.272445421647989239e-01
7.571051200367406864e-01 1.075037551865085095e-01 8.297060957678147330e-01
7.189588873596336471e-01 1.217553719555865971e-01 8.097762327398474458e-01
7.405711592823763789e-01 9.272795824120211305e-02 8.143764229639118835e-01
7.405711592823763789e-01 9.272795824120211305e-02 8.143764229639118835e-01
7.445161028481995791e-01 8.755195820591804567e-02 8.157145627427995205e-01
7.445161028481995791e-01 8.755195820591804567e-02 8.157145627427995205e-01
6.243517809015931563e-01 4.565374048243950877e-01 5.409983637225186381e-01
6.243517809015931563e-01 4.565374048243950877e-01 5.409983637225186381e-01
6.030100980454998760e-01 4.127974865703910590e-01 4.713767854955165371e-01
6.030100980454998760e-01 4.127974865703910590e-01 4.713767854955165371e-01
6.077259089991924323e-01 3.615989807786392785e-01 5.300659200235633417e-01
6.188542340881706405e-01 3.486887243453641871e-01 4.586890743585470553e-01
6.188542340881706405e-01 3.486887243453641871e-01 4.586890743585470553e-01
6.188542340881706405e-01 3.486887243453641871e-01 4.586890743585470553e-01
6.154909464946951569e-01 3.172547243045298337e-01 5.084486187385072187e-01
6.154909464946951569e-01 3.172547243045298337e-01 5.084486187385072187e-01
6.089053999528870609e-01 2.557048078877183217e-01 6.058812010871290621e-01
6.089053999528870609e-01 2.557048078877183217e-01 6.058812010871290621e-01
6.089053999528870609e-01 2.557048078877183217e-01 6.058812010871290621e-01
6.102782129404491496e-01 2.685354095855331247e-01 5.855705535788693350e-01
6.102782129404491496e-01 2.685354095855331247e-01 5.855705535788693350e-01
6.102782129404491496e-01 2.685354095855331247e-01 5.855705535788693350e-01
6.102782129404491496e-01 2.685354095855331247e-01 5.855705535788693350e-01
6.102782129404491496e-01 2.685354095855331247e-01 5.855705535788693350e-01
6.102782129404491496e-01 2.685354095855331247e-01 5.855705535788693350e-01
5.659914357188982059e-01 2.528302959345306022e-01 6.043644564386645435e-01
5.659914357188982059e-01 2.528302959345306022e-01 6.043644564386645435e-01
5.659914357188982059e-01 2.528302959345306022e-01 6.043644564386645435e-01
5.659914357188982059e-01 2.528302959345306022e-01 6.043644564386645435e-01
5.659914357188982059e-01 2.528302959345306022e-01 6.043644564386645435e-01
5.659914357188982059e-01 2.528302959345306022e-01 6.043644564386645435e-01
7.823653093037598039e-01 3.329978687032527085e-01 4.797664600432133275e-01
7.631030536096856665e-01 3.115147648451322970e-01 5.146529023324308838e-01
7.631030536096856665e-01 3.115147648451322970e-01 5.146529023324308838e-01
7.468448405575265348e-01 2.943960779832199282e-01 5.373076385129367250e-01
7.468448405575265348e-01 2.943960779832199282e-01 5.373076385129367250e-01
8.450537506093690476e-01 2.188082941012192695e-01 4.957752777505078923e-01
8.450537506093690476e-01 2.188082941012192695e-01 4.957752777505078923e-01
8.450537506093690476e-01 2.188082941012192695e-01 4.957752777505078923e-01
8.450537506093690476e-01 2.188082941012192695e-01 4.957752777505078923e-01
8.450537506093690476e-01 2.188082941012192695e-01 4.957752777505078923e-01
9.487234533328234853e-01 2.504727044663281887e-01 3.925832681802761126e-01
9.487234533328234853e-01 2.504727044663281887e-01 3.925832681802761126e-01
9.487234533328234853e-01 2.504727044663281887e-01 3.925832681802761126e-01
9.487234533328234853e-01 2.504727044663281887e-01 3.925832681802761126e-01
8.877575203654662905e-01 2.316537555184952635e-01 4.501505225348524375e-01
8.877575203654662905e-01 2.316537555184952635e-01 4.501505225348524375e-01
8.591163480221384319e-01 2.376307599445302010e-01 4.779674536621306147e-01
8.591163480221384319e-01 2.376307599445302010e-01 4.779674536621306147e-01
8.591163480221384319e-01 2.376307599445302010e-01 4.779674536621306147e-01
8.591370173878160044e-01 2.376276210028638314e-01 4.779465427133923194e-01
8.591370173878160044e-01 2.376276210028638314e-01 4.779465427133923194e-01
8.591370173878160044e-01 2.376276210028638314e-01 4.779465427133923194e-01
8.258477838332706211e-01 2.284673037162436582e-01 5.038421055922452929e-01
8.409479311330260165e-01 2.222918700351526611e-01 4.893909506497888806e-01
8.383363421731335752e-01 2.218243507005650539e-01 4.914490551029793708e-01
6.243517809015931563e-01 4.565374048243950877e-01 5.409983637225186381e-01
6.243517809015931563e-01 4.565374048243950877e-01 5.409983637225186381e-01
6.243517809015931563e-01 4.565374048243950877e-01 5.409983637225186381e-01
5.844569983010874381e-01 3.258743315446952504e-01 4.988217634271659429e-01
5.844569983010874381e-01 3.258743315446952504e-01 4.988217634271659429e-01
5.844569983010874381e-01 3.258743315446952504e-01 4.988217634271659429e-01
5.836062291152771531e-01 3.290258314383098792e-01 4.938464369408869792e-01
6.054558341910170061e-01 2.480884523933314934e-01 6.216236539125226113e-01
6.054558341910170061e-01 2.480884523933314934e-01 6.216236539125226113e-01
6.054558341910170061e-01 2.480884523933314934e-01 6.216236539125226113e-01
6.098511400566412055e-01 2.512693162979895423e-01 6.165154597364330691e-01
6.098511400566412055e-01 2.512693162979895423e-01 6.165154597364330691e-01
6.098511400566412055e-01 2.512693162979895423e-01 6.165154597364330691e-01
6.098511400566412055e-01 2.512693162979895423e-01 6.165154597364330691e-01
6.098511400566412055e-01 2.512693162979895423e-01 6.165154597364330691e-01
6.098511400566412055e-01 2.512693162979895423e-01 6.165154597364330691e-01
6.098511400566412055e-01 2.512693162979895423e-01 6.165154597364330691e-01
6.058587568151037051e-01 2.341249498674636831e-01 6.247659933057061465e-01
6.058587568151037051e-01 2.341249498674636831e-01 6.247659933057061465e-01
6.058587568151037051e-01 2.341249498674636831e-01 6.247659933057061465e-01
6.058587568151037051e-01 2.341249498674636831e-01 6.247659933057061465e-01
6.058587568151037051e-01 2.341249498674636831e-01 6.247659933057061465e-01
6.022622969964989137e-01 2.311064211731893581e-01 5.920495653539941117e-01
7.204905774651417794e-01 2.328514890707636120e-01 5.281896891216125711e-01
6.550250556436489902e-01 2.318852077370946174e-01 5.635502653258618322e-01
8.173421588739374632e-01 7.456305297502473506e-01 8.063696335459857867e-02
8.173421588739374632e-01 7.456305297502473506e-01 8.063696335459857867e-02
8.173421588739374632e-01 7.456305297502473506e-01 8.063696335459857867e-02
8.173421588739374632e-01 7.456305297502473506e-01 8.063696335459857867e-02
7.432284999282964266e-01 5.179633207580298659e-01 3.451882557110637628e-01
7.432284999282964266e-01 5.179633207580298659e-01 3.451882557110637628e-01
7.432284999282964266e-01 5.179633207580298659e-01 3.451882557110637628e-01
7.432284999282964266e-01 5.179633207580298659e-01 3.451882557110637628e-01
7.848624060597912955e-01 5.404587249594754450e-01 2.326341043131079367e-01
7.848624060597912955e-01 5.404587249594754450e-01 2.326341043131079367e-01
6.984856859947478069e-01 3.674964045123232936e-01 4.702707304051469972e-01
6.984856859947478069e-01 3.674964045123232936e-01 4.702707304051469972e-01
6.984856859947478069e-01 3.674964045123232936e-01 4.702707304051469972e-01
6.984856859947478069e-01 3.674964045123232936e-01 4.702707304051469972e-01
6.984856859947478069e-01 3.674964045123232936e-01 4.702707304051469972e-01
6.984856859947478069e-01 3.674964045123232936e-01 4.702707304051469972e-01
6.984856859947478069e-01 3.674964045123232936e-01 4.702707304051469972e-01
6.984856859947478069e-01 3.674964045123232936e-01 4.702707304051469972e-01
6.984856859947478069e-01 3.674964045123232936e-01 4.702707304051469972e-01
6.984856859947478069e-01 3.674964045123232936e-01 4.702707304051469972e-01
6.984856859947478069e-01 3.674964045123232936e-01 4.702707304051469972e-01
6.984856859947478069e-01 3.674964045123232936e-01 4.702707304051469972e-01
6.984856859947478069e-01 3.674964045123232936e-01 4.702707304051469972e-01
6.973173863610672152e-01 3.216668615229398287e-01 5.375665733332490870e-01
6.946945062815800265e-01 3.211436592153711356e-01 5.270882148559545843e-01
8.173421588739374632e-01 7.456305297502473506e-01 8.063696335459857867e-02
8.173421588739374632e-01 7.456305297502473506e-01 8.063696335459857867e-02
7.983523181137076596e-01 6.918254156977979852e-01 1.392430132616386818e-01
7.983523181137076596e-01 6.918254156977979852e-01 1.392430132616386818e-01
7.949378798329838069e-01 6.821510722718044928e-01 1.497805813650894269e-01
7.949378798329838069e-01 6.821510722718044928e-01 1.497805813650894269e-01
7.949378798329838069e-01 6.821510722718044928e-01 1.497805813650894269e-01
8.060831608626005673e-01 6.441465517953022246e-01 2.813704589935117628e-02
8.060831608626005673e-01 6.441465517953022246e-01 2.813704589935117628e-02
8.060831608626005673e-01 6.441465517953022246e-01 2.813704589935117628e-02
8.060831608626005673e-01 6.441465517953022246e-01 2.813704589935117628e-02
8.072604605931468225e-01 6.401320534979841881e-01 1.528758062826873765e-02
7.797539786513194571e-01 5.104797344443724461e-01 1.877947493885601671e-01
7.797539786513194571e-01 5.104797344443724461e-01 1.877947493885601671e-01
7.797539786513194571e-01 5.104797344443724461e-01 1.877947493885601671e-01
7.633525777027434511e-01 4.286296405300520918e-01 2.929030599525216938e-01
7.633525777027434511e-01 4.286296405300520918e-01 2.929030599525216938e-01
7.633525777027434511e-01 4.286296405300520918e-01 2.929030599525216938e-01
7.577760222824077019e-01 4.008002138668055880e-01 3.286403924423226819e-01
7.577760222824077019e-01 4.008002138668055880e-01 3.286403924423226819e-01
7.568921348556829631e-01 3.997626080439200535e-01 3.315317034582853095e-01
7.568921348556829631e-01 3.997626080439200535e-01 3.315317034582853095e-01
7.568921348556829631e-01 3.997626080439200535e-01 3.315317034582853095e-01
7.568921348556829631e-01 3.997626080439200535e-01 3.315317034582853095e-01
7.568921348556829631e-01 3.997626080439200535e-01 3.315317034582853095e-01
8.173421588739374632e-01 7.456305297502473506e-01 8.063696335459857867e-02
8.173421588739374632e-01 7.456305297502473506e-01 8.063696335459857867e-02
8.173421588739374632e-01 7.456305297502473506e-01 8.063696335459857867e-02
8.173421588739374632e-01 7.456305297502473506e-01 8.063696335459857867e-02
8.173421588739374632e-01 7.456305297502473506e-01 8.063696335459857867e-02
8.173421588739374632e-01 7.456305297502473506e-01 8.063696335459857867e-02
8.173421588739374632e-01 7.456305297502473506e-01 8.063696335459857867e-02
8.173421588739374632e-01 7.456305297502473506e-01 8.063696335459857867e-02
8.173421588739374632e-01 7.456305297502473506e-01 8.063696335459857867e-02
6.845655007687632132e-01 4.910584081053526173e-01 3.706549567253269450e-01
6.845655007687632132e-01 4.910584081053526173e-01 3.706549567253269450e-01
6.845655007687632132e-01 4.910584081053526173e-01 3.706549567253269450e-01
6.845655007687632132e-01 4.910584081053526173e-01 3.706549567253269450e-01
6.729686714944962400e-01 4.688238566801670171e-01 3.959853815423285961e-01
6.729686714944962400e-01 4.688238566801670171e-01 3.959853815423285961e-01
6.729686714944962400e-01 4.688238566801670171e-01 3.959853815423285961e-01
6.733263555175830195e-01 4.659445011069396347e-01 3.878092953143559285e-01
6.816794884960114542e-01 4.751883591207869961e-01 3.256987183107432626e-01
6.816794884960114542e-01 4.751883591207869961e-01 3.256987183107432626e-01
6.816794884960114542e-01 4.751883591207869961e-01 3.256987183107432626e-01
6.864868153903025405e-01 4.805083088153191961e-01 2.899533461227880027e-01
6.124263667439524550e-01 3.452049197997409946e-01 4.876909503664676460e-01
6.124263667439524550e-01 3.452049197997409946e-01 4.876909503664676460e-01
5.757347035310981243e-01 3.130432885417856470e-01 5.349450754635738381e-01
5.757347035310981243e-01 3.130432885417856470e-01 5.349450754635738381e-01
7.217168076466662363e-01 8.638128990760320924e-01 9.657600618163360018e-01
7.557223305912683653e-01 7.257822035197981636e-01 9.695599286008311779e-01
7.557223305912683653e-01 7.257822035197981636e-01 9.695599286008311779e-01
7.342058594926019754e-01 8.131190010306846849e-01 9.671556213951879588e-01
7.342058594926019754e-01 8.131190010306846849e-01 9.671556213951879588e-01
7.342058594926019754e-01 8.131190010306846849e-01 9.671556213951879588e-01
7.281942610002682947e-01 8.974360472522431298e-01 9.770669708663012321e-01
7.281942610002682947e-01 8.974360472522431298e-01 9.770669708663012321e-01
7.281942610002682947e-01 8.974360472522431298e-01 9.770669708663012321e-01
7.281942610002682947e-01 8.974360472522431298e-01 9.770669708663012321e-01
7.090227801578408151e-01 7.943003642266707187e-01 9.174119384364368690e-01
7.111412502166480909e-01 7.749104944850075949e-01 9.164516103561796134e-01
7.111412502166480909e-01 7.749104944850075949e-01 9.164516103561796134e-01
7.293944744853756434e-01 8.665493964888756340e-01 9.763312877754817265e-01
7.281979443138471009e-01 8.472302322235856220e-01 9.567408490982177716e-01
7.278474451293287517e-01 8.519779065551927877e-01 9.572115402380061422e-01
7.278474451293287517e-01 8.519779065551927877e-01 9.572115402380061422e-01
7.278474451293287517e-01 8.519779065551927877e-01 9.572115402380061422e-01
7.128317995686391795e-01 7.774621035986369888e-01 9.097464915377357908e-01
7.293732143483023789e-01 6.754893332268838702e-01 9.102202386149497171e-01
7.193976951959818456e-01 5.760191093875643986e-01 7.681329632925187889e-01
7.178868018603095091e-01 5.609533372706614340e-01 7.466124074106166297e-01
7.668536512194632504e-01 3.355376955416781160e-01 8.153626937341590386e-01
7.668536512194632504e-01 3.355376955416781160e-01 8.153626937341590386e-01
7.546957433823744399e-01 2.727605214028760994e-01 8.160397522586615437e-01
7.196241167205774669e-01 9.389650049812526822e-01 9.717816049262907319e-01
7.196241167205774669e-01 9.389650049812526822e-01 9.717816049262907319e-01
7.196241167205774669e-01 9.389650049812526822e-01 9.717816049262907319e-01
7.196241167205774669e-01 9.389650049812526822e-01 9.717816049262907319e-01
7.196241167205774669e-01 9.389650049812526822e-01 9.717816049262907319e-01
7.196241167205774669e-01 9.389650049812526822e-01 9.717816049262907319e-01
7.196241167205774669e-01 9.389650049812526822e-01 9.717816049262907319e-01
7.196241167205774669e-01 9.389650049812526822e-01 9.717816049262907319e-01
7.196241167205774669e-01 9.389650049812526822e-01 9.717816049262907319e-01
7.196241167205774669e-01 9.389650049812526822e-01 9.717816049262907319e-01
7.196241167205774669e-01 9.389650049812526822e-01 9.717816049262907319e-01
7.196241167205774669e-01 9.389650049812526822e-01 9.717816049262907319e-01
7.282456677283608570e-01 9.130554079691840519e-01 9.499849988002294632e-01
7.282456677283608570e-01 9.130554079691840519e-01 9.499849988002294632e-01
7.282456677283608570e-01 9.130554079691840519e-01 9.499849988002294632e-01
7.282456677283608570e-01 9.130554079691840519e-01 9.499849988002294632e-01
7.282456677283608570e-01 9.130554079691840519e-01 9.499849988002294632e-01
7.282456677283608570e-01 9.130554079691840519e-01 9.499849988002294632e-01
7.282456677283608570e-01 9.130554079691840519e-01 9.499849988002294632e-01
7.190614712154871357e-01 6.624022514628581382e-01 9.075489120293079859e-01
7.190614712154871357e-01 6.624022514628581382e-01 9.075489120293079859e-01
7.190614712154871357e-01 6.624022514628581382e-01 9.075489120293079859e-01
7.190614712154871357e-01 6.624022514628581382e-01 9.075489120293079859e-01
7.084246115127924570e-01 7.008100646367998454e-01 9.440409684215270714e-01
7.092765638577737120e-01 6.955183131936646390e-01 9.332744041612408559e-01
7.196241167205774669e-01 9.389650049812526822e-01 9.717816049262907319e-01
7.196241167205774669e-01 9.389650049812526822e-01 9.717816049262907319e-01
7.520570475693377777e-01 8.747966740602576285e-01 6.760078470876095258e-01
7.520570475693377777e-01 8.747966740602576285e-01 6.760078470876095258e-01
7.520570475693377777e-01 8.747966740602576285e-01 6.760078470876095258e-01
7.520570475693377777e-01 8.747966740602576285e-01 6.760078470876095258e-01
6.998397680566571522e-01 7.056157291375499963e-01 6.195404855315744808e-01
6.948905689319972989e-01 7.323837152821268681e-01 6.089495579609609521e-01
6.567808603854221605e-01 5.260170125392608087e-01 6.143502124628635874e-01
6.567808603854221605e-01 5.260170125392608087e-01 6.143502124628635874e-01
6.567808603854221605e-01 5.260170125392608087e-01 6.143502124628635874e-01
6.567808603854221605e-01 5.260170125392608087e-01 6.143502124628635874e-01
6.675465925314039151e-01 5.124715800146621980e-01 5.199254579107097651e-01
6.675465925314039151e-01 5.124715800146621980e-01 5.199254579107097651e-01
6.686355586146399688e-01 5.037054055186295232e-01 4.950334302516591345e-01
6.686355586146399688e-01 5.037054055186295232e-01 4.950334302516591345e-01
6.551610242787337945e-01 4.458421343446640206e-01 5.228794788754642653e-01
6.643882657467272690e-01 4.560533102244072601e-01 4.542693785443949195e-01
6.643882657467272690e-01 4.560533102244072601e-01 4.542693785443949195e-01
6.643882657467272690e-01 4.560533102244072601e-01 4.542693785443949195e-01
6.714599041579577543e-01 4.127326722843434048e-01 5.003384144336560091e-01
6.633339252355299198e-01 3.906086295422691590e-01 5.157511918657133876e-01
6.633339252355299198e-01 3.906086295422691590e-01 5.157511918657133876e-01
6.633339252355299198e-01 3.906086295422691590e-01 5.157511918657133876e-01
6.633339252355299198e-01 3.906086295422691590e-01 5.157511918657133876e-01
6.263839677001844519e-01 1.590326065439797709e-01 7.622688916624711375e-01
6.263839677001844519e-01 1.590326065439797709e-01 7.622688916624711375e-01
6.263839677001844519e-01 1.590326065439797709e-01 7.622688916624711375e-01
6.263839677001844519e-01 1.590326065439797709e-01 7.622688916624711375e-01
6.263839677001844519e-01 1.590326065439797709e-01 7.622688916624711375e-01
6.263839677001844519e-01 1.590326065439797709e-01 7.622688916624711375e-01
6.263839677001844519e-01 1.590326065439797709e-01 7.622688916624711375e-01
5.997023093082193279e-01 1.696907684515753800e-01 7.420401184079422618e-01
5.997023093082193279e-01 1.696907684515753800e-01 7.420401184079422618e-01
5.997023093082193279e-01 1.696907684515753800e-01 7.420401184079422618e-01
6.037833748555059277e-01 2.078332736684705417e-01 6.816611122796282229e-01
6.037833748555059277e-01 2.078332736684705417e-01 6.816611122796282229e-01
6.046401156529528365e-01 2.158405550898316594e-01 6.689857074717304730e-01
5.996600474642341805e-01 1.692957802834122449e-01 7.426653786757331233e-01
4.708833733103742203e-01 2.191027812458878343e-01 6.447252999732291379e-01
4.708833733103742203e-01 2.191027812458878343e-01 6.447252999732291379e-01
4.708833733103742203e-01 2.191027812458878343e-01 6.447252999732291379e-01
4.708833733103742203e-01 2.191027812458878343e-01 6.447252999732291379e-01
4.708833733103742203e-01 2.191027812458878343e-01 6.447252999732291379e-01
4.708833733103742203e-01 2.191027812458878343e-01 6.447252999732291379e-01
4.708833733103742203e-01 2.191027812458878343e-01 6.447252999732291379e-01
4.881245676088894481e-01 2.303438062654589447e-01 6.315101217322320881e-01
4.881245676088894481e-01 2.303438062654589447e-01 6.315101217322320881e-01
5.245571929826133850e-01 2.077729248279257535e-01 6.609697407776409239e-01
5.393946123389770086e-01 2.239077704545009428e-01 6.406996384164337366e-01
6.263839677001844519e-01 1.590326065439797709e-01 7.622688916624711375e-01
6.055930777141941279e-01 1.456684970952953906e-01 7.341325547556293296e-01
6.055930777141941279e-01 1.456684970952953906e-01 7.341325547556293296e-01
6.055930777141941279e-01 1.456684970952953906e-01 7.341325547556293296e-01
6.055930777141941279e-01 1.456684970952953906e-01 7.341325547556293296e-01
6.055930777141941279e-01 1.456684970952953906e-01 7.341325547556293296e-01
6.055930777141941279e-01 1.456684970952953906e-01 7.341325547556293296e-01
6.055930777141941279e-01 1.456684970952953906e-01 7.341325547556293296e-01
6.055930777141941279e-01 1.456684970952953906e-01 7.341325547556293296e-01
6.578055087527027167e-01 1.616160285257028373e-01 6.821607101195602540e-01
7.090619582851739322e-01 1.772715692402752896e-01 6.311404419820090261e-01
7.090619582851739322e-01 1.772715692402752896e-01 6.311404419820090261e-01
7.130771456514126694e-01 1.777334611191261349e-01 6.150929596054179882e-01
7.130771456514126694e-01 1.777334611191261349e-01 6.150929596054179882e-01
7.130771456514126694e-01 1.777334611191261349e-01 6.150929596054179882e-01
7.130771456514126694e-01 1.777334611191261349e-01 6.150929596054179882e-01
7.130771456514126694e-01 1.777334611191261349e-01 6.150929596054179882e-01
7.172555674937249881e-01 1.985855957190431342e-01 5.883155604036054420e-01
7.172555674937249881e-01 1.985855957190431342e-01 5.883155604036054420e-01
7.172555674937249881e-01 1.985855957190431342e-01 5.883155604036054420e-01
7.263392065710737588e-01 2.010851731253332497e-01 5.812494335577931270e-01
7.263392065710737588e-01 2.010851731253332497e-01 5.812494335577931270e-01
7.265434434916239193e-01 2.018114993652801448e-01 5.795492370783864589e-01
7.265434434916239193e-01 2.018114993652801448e-01 5.795492370783864589e-01
7.265434434916239193e-01 2.018114993652801448e-01 5.795492370783864589e-01
6.263839677001844519e-01 1.590326065439797709e-01 7.622688916624711375e-01
6.263839677001844519e-01 1.590326065439797709e-01 7.622688916624711375e-01
6.263839677001844519e-01 1.590326065439797709e-01 7.622688916624711375e-01
6.263839677001844519e-01 1.590326065439797709e-01 7.622688916624711375e-01
6.263839677001844519e-01 1.590326065439797709e-01 7.622688916624711375e-01
6.298177963672253465e-01 1.578445619385545062e-01 7.640932187423463695e-01
6.298177963672253465e-01 1.578445619385545062e-01 7.640932187423463695e-01
5.289701402859190438e-01 1.927360854811149826e-01 7.105148000818687359e-01
5.289701402859190438e-01 1.927360854811149826e-01 7.105148000818687359e-01
5.289701402859190438e-01 1.927360854811149826e-01 7.105148000818687359e-01
5.289701402859190438e-01 1.927360854811149826e-01 7.105148000818687359e-01
5.289701402859190438e-01 1.927360854811149826e-01 7.105148000818687359e-01
5.289701402859190438e-01 1.927360854811149826e-01 7.105148000818687359e-01
5.289701402859190438e-01 1.927360854811149826e-01 7.105148000818687359e-01
5.289701402859190438e-01 1.927360854811149826e-01 7.105148000818687359e-01
5.289701402859190438e-01 1.927360854811149826e-01 7.105148000818687359e-01
5.289701402859190438e-01 1.927360854811149826e-01 7.105148000818687359e-01
5.289701402859190438e-01 1.927360854811149826e-01 7.105148000818687359e-01
5.289701402859190438e-01 1.927360854811149826e-01 7.105148000818687359e-01
5.289701402859190438e-01 1.927360854811149826e-01 7.105148000818687359e-01
5.289701402859190438e-01 1.927360854811149826e-01 7.105148000818687359e-01
4.524629656460056326e-01 2.288953596303703597e-01 6.729622431144831607e-01
4.802014584171017675e-01 2.293047841189111979e-01 6.579795612365645363e-01
4.802014584171017675e-01 2.293047841189111979e-01 6.579795612365645363e-01
4.529870430047011620e-01 2.289030950940925957e-01 6.726791677358188171e-01
2.047016304089191996e-01 7.846320018457578760e-01 7.036172094239671049e-01
2.047016304089191996e-01 7.846320018457578760e-01 7.036172094239671049e-01
5.588266189394782701e-01 4.183283060839603218e-01 8.437049494205346445e-01
5.588266189394782701e-01 4.183283060839603218e-01 8.437049494205346445e-01
5.588266189394782701e-01 4.183283060839603218e-01 8.437049494205346445e-01
5.588266189394782701e-01 4.183283060839603218e-01 8.437049494205346445e-01
5.588266189394782701e-01 4.183283060839603218e-01 8.437049494205346445e-01
5.588266189394782701e-01 4.183283060839603218e-01 8.437049494205346445e-01
5.588266189394782701e-01 4.183283060839603218e-01 8.437049494205346445e-01
5.588266189394782701e-01 4.183283060839603218e-01 8.437049494205346445e-01
5.588266189394782701e-01 4.183283060839603218e-01 8.437049494205346445e-01
6.450314439920468157e-01 2.954937039248819453e-01 8.585829126111688137e-01
6.450314439920468157e-01 2.954937039248819453e-01 8.585829126111688137e-01
6.450314439920468157e-01 2.954937039248819453e-01 8.585829126111688137e-01
6.964409789840549925e-01 2.222394542459841804e-01 8.674556081800338658e-01
6.964409789840549925e-01 2.222394542459841804e-01 8.674556081800338658e-01
6.967076513614953726e-01 2.411839856945936500e-01 8.156544283113820182e-01
6.967076513614953726e-01 2.411839856945936500e-01 8.156544283113820182e-01
6.967204029388932573e-01 2.420898637662274866e-01 8.131774310282839924e-01
7.514146600062836523e-01 1.530834366102323818e-01 8.523221998105287023e-01
6.603645521305910870e-01 2.020630740674197734e-01 7.305651795160787998e-01
6.603645521305910870e-01 2.020630740674197734e-01 7.305651795160787998e-01
6.933726662364997351e-01 1.669251194919089132e-01 7.647884762126528901e-01
6.933726662364997351e-01 1.669251194919089132e-01 7.647884762126528901e-01
6.974952894462520536e-01 1.540385939354000366e-01 7.734208349150405448e-01
2.047016304089191996e-01 7.846320018457578760e-01 7.036172094239671049e-01
2.127518539519022145e-01 7.778112822672476057e-01 7.008929955331568706e-01
2.127518539519022145e-01 7.778112822672476057e-01 7.008929955331568706e-01
9.659890274485405381e-02 7.948664466247974403e-01 8.122954055015301211e-01
9.659890274485405381e-02 7.948664466247974403e-01 8.122954055015301211e-01
9.659890274485405381e-02 7.948664466247974403e-01 8.122954055015301211e-01
9.659890274485405381e-02 7.948664466247974403e-01 8.122954055015301211e-01
2.850661259193832953e-01 6.498101607273465419e-01 7.325929762550822399e-01
5.330434572295609241e-01 4.589511346286516691e-01 6.277238357723912143e-01
5.639590192274859248e-01 4.799203208860541303e-01 5.598342126560050813e-01
5.671181880196449754e-01 4.710127947788103064e-01 5.661144100430232085e-01
5.671181880196449754e-01 4.710127947788103064e-01 5.661144100430232085e-01
6.140981612122157207e-01 3.385490471091461284e-01 6.595071738669915362e-01
6.140981612122157207e-01 3.385490471091461284e-01 6.595071738669915362e-01
6.331669160042412425e-01 2.847831857964580049e-01 6.974144690757172471e-01
6.331669160042412425e-01 2.847831857964580049e-01 6.974144690757172471e-01
6.331669160042412425e-01 2.847831857964580049e-01 6.974144690757172471e-01
6.395091364105052190e-01 2.917909154394731086e-01 6.777079938768646450e-01
6.463096491277614541e-01 2.699485303331276564e-01 6.932614322569102816e-01
6.985840875590985100e-01 3.313141070620672091e-01 5.222649284941673908e-01
7.466797612190714251e-01 3.032491277143836150e-01 5.089887919457848353e-01
7.423788934664283801e-01 2.626031691924062272e-01 5.837235692376816498e-01
7.423788934664283801e-01 2.626031691924062272e-01 5.837235692376816498e-01
7.423788934664283801e-01 2.626031691924062272e-01 5.837235692376816498e-01
7.423788934664283801e-01 2.626031691924062272e-01 5.837235692376816498e-01
2.047016304089191996e-01 7.846320018457578760e-01 7.036172094239671049e-01
7.377441381040161783e-02 7.929669943045558611e-01 8.367541238525386671e-01
1.550342758321967551e-01 7.174957473963504695e-01 8.405555430252189542e-01
4.057015424876890264e-01 4.800984555658679431e-01 8.484689765631413527e-01
4.057015424876890264e-01 4.800984555658679431e-01 8.484689765631413527e-01
4.057015424876890264e-01 4.800984555658679431e-01 8.484689765631413527e-01
4.057015424876890264e-01 4.800984555658679431e-01 8.484689765631413527e-01
4.057015424876890264e-01 4.800984555658679431e-01 8.484689765631413527e-01
4.248431357442091771e-01 4.619701915087031097e-01 8.490732665770169829e-01
4.248431357442091771e-01 4.619701915087031097e-01 8.490732665770169829e-01
4.969304109841278239e-01 3.798718410018985248e-01 7.584584918638210826e-01
4.969304109841278239e-01 3.798718410018985248e-01 7.584584918638210826e-01
4.969304109841278239e-01 3.798718410018985248e-01 7.584584918638210826e-01
4.999853654313138884e-01 3.814155074474465112e-01 7.521681613575343928e-01
4.999853654313138884e-01 3.814155074474465112e-01 7.521681613575343928e-01
6.141724130735477516e-01 2.597711228952556128e-01 7.866028076731162999e-01
6.141724130735477516e-01 2.597711228952556128e-01 7.866028076731162999e-01
6.141724130735477516e-01 2.597711228952556128e-01 7.866028076731162999e-01
6.239741255302355682e-01 2.493292794115089805e-01 7.895586464368137269e-01
6.239741255302355682e-01 2.493292794115089805e-01 7.895586464368137269e-01
6.239741255302355682e-01 2.493292794115089805e-01 7.895586464368137269e-01
6.222918937000840867e-01 2.479173728962559276e-01 7.742556486987270947e-01
6.222918937000840867e-01 2.479173728962559276e-01 7.742556486987270947e-01
6.222918937000840867e-01 2.479173728962559276e-01 7.742556486987270947e-01
6.277918325864503268e-01 2.407011267333144522e-01 7.761212487719596487e-01
