7.393207056718170689e-01 2.316268498903353290e-01 9.151063176154138334e-01
9.247060651464790171e-01 3.986590526601097029e-02 9.884426166013171589e-01
9.247060651464790171e-01 3.986590526601097029e-02 9.884426166013171589e-01
9.247060651464790171e-01 3.986590526601097029e-02 9.884426166013171589e-01
9.247060651464790171e-01 3.986590526601097029e-02 9.884426166013171589e-01
9.247060651464790171e-01 3.986590526601097029e-02 9.884426166013171589e-01
7.853685375841648053e-01 9.552518651257785320e-02 8.828034839245595400e-01
7.853685375841648053e-01 9.552518651257785320e-02 8.828034839245595400e-01
7.853685375841648053e-01 9.552518651257785320e-02 8.828034839245595400e-01
7.853685375841648053e-01 9.552518651257785320e-02 8.828034839245595400e-01
7.853685375841648053e-01 9.552518651257785320e-02 8.828034839245595400e-01
7.853685375841648053e-01 9.552518651257785320e-02 8.828034839245595400e-01
7.853685375841648053e-01 9.552518651257785320e-02 8.828034839245595400e-01
7.834959155418497190e-01 9.819351492020259031e-02 8.824802908573670113e-01
7.834959155418497190e-01 9.819351492020259031e-02 8.824802908573670113e-01
7.834959155418497190e-01 9.819351492020259031e-02 8.824802908573670113e-01
7.967481905546337506e-01 7.931014118902970922e-02 8.847674813912161929e-01
7.967481905546337506e-01 7.931014118902970922e-02 8.847674813912161929e-01
7.967481905546337506e-01 7.931014118902970922e-02 8.847674813912161929e-01
8.366025233648435311e-01 1.445339095011521913e-02 9.132912922349042395e-01
8.366025233648435311e-01 1.445339095011521913e-02 9.132912922349042395e-01
8.366025233648435311e-01 1.445339095011521913e-02 9.132912922349042395e-01
8.366025233648435311e-01 1.445339095011521913e-02 9.132912922349042395e-01
7.188037137483574979e-01 8.743256656708467411e-02 8.180385340351834511e-01
7.188037137483574979e-01 8.743256656708467411e-02 8.180385340351834511e-01
7.393207056718170689e-01 2.316268498903353290e-01 9.151063176154138334e-01
7.264008742031482502e-01 2.233221528849549387e-01 8.976218938496667299e-01
7.266170135948089026e-01 2.004972825695892080e-01 8.952566277354442326e-01
7.266170135948089026e-01 2.004972825695892080e-01 8.952566277354442326e-01
7.266170135948089026e-01 2.004972825695892080e-01 8.952566277354442326e-01
7.266170135948089026e-01 2.004972825695892080e-01 8.952566277354442326e-01
6.823637611189340424e-01 1.804487519307162169e-01 8.363404783833792155e-01
6.823637611189340424e-01 1.804487519307162169e-01 8.363404783833792155e-01
6.823637611189340424e-01 1.804487519307162169e-01 8.363404783833792155e-01
6.823637611189340424e-01 1.804487519307162169e-01 8.363404783833792155e-01
6.727776602368998882e-01 1.730975616362413483e-01 7.761577426371698563e-01
6.727776602368998882e-01 1.730975616362413483e-01 7.761577426371698563e-01
6.727776602368998882e-01 1.730975616362413483e-01 7.761577426371698563e-01
6.727776602368998882e-01 1.730975616362413483e-01 7.761577426371698563e-01
6.727776602368998882e-01 1.730975616362413483e-01 7.761577426371698563e-01
6.727776602368998882e-01 1.730975616362413483e-01 7.761577426371698563e-01
6.763362394654045540e-01 1.735069270520907536e-01 7.619351840748216365e-01
6.763362394654045540e-01 1.735069270520907536e-01 7.619351840748216365e-01
6.763362394654045540e-01 1.735069270520907536e-01 7.619351840748216365e-01
6.985353015397355314e-01 1.022063526708641978e-01 8.127066124101868239e-01
6.985353015397355314e-01 1.022063526708641978e-01 8.127066124101868239e-01
6.985353015397355314e-01 1.022063526708641978e-01 8.127066124101868239e-01
6.985353015397355314e-01 1.022063526708641978e-01 8.127066124101868239e-01
6.985353015397355314e-01 1.022063526708641978e-01 8.127066124101868239e-01
6.996227152541208971e-01 1.060735139672089739e-01 8.036542972662041873e-01
7.393207056718170689e-01 2.316268498903353290e-01 9.151063176154138334e-01
7.031809968449965753e-01 2.083967224388091621e-01 8.661984053542373108e-01
7.031809968449965753e-01 2.083967224388091621e-01 8.661984053542373108e-01
6.968724859586342690e-01 2.043416949724345677e-01 8.576610898377406977e-01
8.128254521049851355e-01 9.452711682614917121e-02 8.613216638862271068e-01
8.128254521049851355e-01 9.452711682614917121e-02 8.613216638862271068e-01
8.128254521049851355e-01 9.452711682614917121e-02 8.613216638862271068e-01
8.128254521049851355e-01 9.452711682614917121e-02 8.613216638862271068e-01
8.128254521049851355e-01 9.452711682614917121e-02 8.613216638862271068e-01
8.128254521049851355e-01 9.452711682614917121e-02 8.613216638862271068e-01
8.128254521049851355e-01 9.452711682614917121e-02 8.613216638862271068e-01
8.128254521049851355e-01 9.452711682614917121e-02 8.613216638862271068e-01
7.483446627442527088e-01 1.168363411298751486e-01 8.270642615610600545e-01
7.483446627442527088e-01 1.168363411298751486e-01 8.270642615610600545e-01
7.483446627442527088e-01 1.168363411298751486e-01 8.270642615610600545e-01
7.483446627442527088e-01 1.168363411298751486e-01 8.270642615610600545e-01
7.483446627442527088e-01 1.168363411298751486e-01 8.270642615610600545e-01
7.483446627442527088e-01 1.168363411298751486e-01 8.270642615610600545e-01
7.489424824430364058e-01 1.161994789740239120e-01 8.272445421647989239e-01
7.571051200367406864e-01 1.075037551865085095e-01 8.297060957678147330e-01
7.189588873596336471e-01 1.217553719555865971e-01 8.097762327398474458e-01
7.405711592823763789e-01 9.272795824120211305e-02 8.143764229639118835e-01
7.405711592823763789e-01 9.272795824120211305e-02 8.143764229639118835e-01
7.445161028481995791e-01 8.755195820591804567e-02 8.157145627427995205e-01
7.445161028481995791e-01 8.755195820591804567e-02 8.157145627427995205e-01
7.393207056718170689e-01 2.316268498903353290e-01 9.151063176154138334e-01
7.135996864802125472e-01 1.410281890808979255e-01 9.695421028680927256e-01
7.135996864802125472e-01 1.410281890808979255e-01 9.695421028680927256e-01
7.135996864802125472e-01 1.410281890808979255e-01 9.695421028680927256e-01
7.135996864802125472e-01 1.410281890808979255e-01 9.695421028680927256e-01
7.135996864802125472e-01 1.410281890808979255e-01 9.695421028680927256e-01
7.135996864802125472e-01 1.410281890808979255e-01 9.695421028680927256e-01
7.135996864802125472e-01 1.410281890808979255e-01 9.695421028680927256e-01
7.135996864802125472e-01 1.410281890808979255e-01 9.695421028680927256e-01
7.135996864802125472e-01 1.410281890808979255e-01 9.695421028680927256e-01
7.168863825259064182e-01 1.451153221237016511e-01 9.196282804456066273e-01
7.168863825259064182e-01 1.451153221237016511e-01 9.196282804456066273e-01
7.168863825259064182e-01 1.451153221237016511e-01 9.196282804456066273e-01
7.168863825259064182e-01 1.451153221237016511e-01 9.196282804456066273e-01
7.168863825259064182e-01 1.451153221237016511e-01 9.196282804456066273e-01
7.168863825259064182e-01 1.451153221237016511e-01 9.196282804456066273e-01
7.273146262007121887e-01 2.639665189809858870e-01 6.626398683659672217e-01
7.273146262007121887e-01 2.639665189809858870e-01 6.626398683659672217e-01
7.031252210202126873e-01 2.380839861796163748e-01 6.991282654476081992e-01
7.151096663347292770e-01 2.153478927772532192e-01 6.885010793223994563e-01
7.151096663347292770e-01 2.153478927772532192e-01 6.885010793223994563e-01
7.184181963824293193e-01 2.407116780939368705e-01 6.444712387899014239e-01
7.214698374482026999e-01 2.641061063566204625e-01 6.038600708236838699e-01
7.214698374482026999e-01 2.641061063566204625e-01 6.038600708236838699e-01
6.555750417677093100e-01 2.162041510430150193e-01 6.692857121481118332e-01
7.210795130414782150e-01 2.199016522219983671e-01 8.904204892658021953e-01
7.210795130414782150e-01 2.199016522219983671e-01 8.904204892658021953e-01
7.210795130414782150e-01 2.199016522219983671e-01 8.904204892658021953e-01
7.210795130414782150e-01 2.199016522219983671e-01 8.904204892658021953e-01
7.210795130414782150e-01 2.199016522219983671e-01 8.904204892658021953e-01
7.093407813206011880e-01 2.116188979819407789e-01 8.760285849092787069e-01
7.093407813206011880e-01 2.116188979819407789e-01 8.760285849092787069e-01
7.093407813206011880e-01 2.116188979819407789e-01 8.760285849092787069e-01
7.083300814160936598e-01 2.109057562969155197e-01 8.747894479475786245e-01
7.083300814160936598e-01 2.109057562969155197e-01 8.747894479475786245e-01
6.653381061757467352e-01 2.432330893965343188e-01 7.883891060595611400e-01
6.416302631209960250e-01 2.485990517122249610e-01 7.166526916278688208e-01
6.379502142605867343e-01 2.046883841542563309e-01 7.171057300356268316e-01
6.379502142605867343e-01 2.046883841542563309e-01 7.171057300356268316e-01
6.379502142605867343e-01 2.046883841542563309e-01 7.171057300356268316e-01
6.379502142605867343e-01 2.046883841542563309e-01 7.171057300356268316e-01
6.379502142605867343e-01 2.046883841542563309e-01 7.171057300356268316e-01
6.379502142605867343e-01 2.046883841542563309e-01 7.171057300356268316e-01
6.379502142605867343e-01 2.046883841542563309e-01 7.171057300356268316e-01
6.376926941458527232e-01 2.059441004437456701e-01 7.159663716304081049e-01
6.376926941458527232e-01 2.059441004437456701e-01 7.159663716304081049e-01
6.376926941458527232e-01 2.059441004437456701e-01 7.159663716304081049e-01
6.403415077467553562e-01 2.019621217201020280e-01 7.215495334395101157e-01
6.403415077467553562e-01 2.019621217201020280e-01 7.215495334395101157e-01
6.403415077467553562e-01 2.019621217201020280e-01 7.215495334395101157e-01
6.243517809015931563e-01 4.565374048243950877e-01 5.409983637225186381e-01
6.243517809015931563e-01 4.565374048243950877e-01 5.409983637225186381e-01
6.030100980454998760e-01 4.127974865703910590e-01 4.713767854955165371e-01
6.030100980454998760e-01 4.127974865703910590e-01 4.713767854955165371e-01
6.077259089991924323e-01 3.615989807786392785e-01 5.300659200235633417e-01
6.188542340881706405e-01 3.486887243453641871e-01 4.586890743585470553e-01
6.188542340881706405e-01 3.486887243453641871e-01 4.586890743585470553e-01
6.188542340881706405e-01 3.486887243453641871e-01 4.586890743585470553e-01
6.154909464946951569e-01 3.172547243045298337e-01 5.084486187385072187e-01
6.154909464946951569e-01 3.172547243045298337e-01 5.084486187385072187e-01
6.089053999528870609e-01 2.557048078877183217e-01 6.058812010871290621e-01
6.089053999528870609e-01 2.557048078877183217e-01 6.058812010871290621e-01
6.089053999528870609e-01 2.557048078877183217e-01 6.058812010871290621e-01
6.102782129404491496e-01 2.685354095855331247e-01 5.855705535788693350e-01
6.102782129404491496e-01 2.685354095855331247e-01 5.855705535788693350e-01
6.102782129404491496e-01 2.685354095855331247e-01 5.855705535788693350e-01
6.102782129404491496e-01 2.685354095855331247e-01 5.855705535788693350e-01
6.102782129404491496e-01 2.685354095855331247e-01 5.855705535788693350e-01
6.102782129404491496e-01 2.685354095855331247e-01 5.855705535788693350e-01
5.659914357188982059e-01 2.528302959345306022e-01 6.043644564386645435e-01
5.659914357188982059e-01 2.528302959345306022e-01 6.043644564386645435e-01
5.659914357188982059e-01 2.528302959345306022e-01 6.043644564386645435e-01
5.659914357188982059e-01 2.528302959345306022e-01 6.043644564386645435e-01
5.659914357188982059e-01 2.528302959345306022e-01 6.043644564386645435e-01
5.659914357188982059e-01 2.528302959345306022e-01 6.043644564386645435e-01
7.823653093037598039e-01 3.329978687032527085e-01 4.797664600432133275e-01
7.631030536096856665e-01 3.115147648451322970e-01 5.146529023324308838e-01
7.631030536096856665e-01 3.115147648451322970e-01 5.146529023324308838e-01
7.468448405575265348e-01 2.943960779832199282e-01 5.373076385129367250e-01
7.468448405575265348e-01 2.943960779832199282e-01 5.373076385129367250e-01
8.450537506093690476e-01 2.188082941012192695e-01 4.957752777505078923e-01
8.450537506093690476e-01 2.188082941012192695e-01 4.957752777505078923e-01
8.450537506093690476e-01 2.188082941012192695e-01 4.957752777505078923e-01
8.450537506093690476e-01 2.188082941012192695e-01 4.957752777505078923e-01
8.450537506093690476e-01 2.188082941012192695e-01 4.957752777505078923e-01
9.487234533328234853e-01 2.504727044663281887e-01 3.925832681802761126e-01
9.487234533328234853e-01 2.504727044663281887e-01 3.925832681802761126e-01
9.487234533328234853e-01 2.504727044663281887e-01 3.925832681802761126e-01
9.487234533328234853e-01 2.504727044663281887e-01 3.925832681802761126e-01
8.877575203654662905e-01 2.316537555184952635e-01 4.501505225348524375e-01
8.877575203654662905e-01 2.316537555184952635e-01 4.501505225348524375e-01
8.591163480221384319e-01 2.376307599445302010e-01 4.779674536621306147e-01
8.591163480221384319e-01 2.376307599445302010e-01 4.779674536621306147e-01
8.591163480221384319e-01 2.376307599445302010e-01 4.779674536621306147e-01
8.591370173878160044e-01 2.376276210028638314e-01 4.779465427133923194e-01
8.591370173878160044e-01 2.376276210028638314e-01 4.779465427133923194e-01
8.591370173878160044e-01 2.376276210028638314e-01 4.779465427133923194e-01
8.258477838332706211e-01 2.284673037162436582e-01 5.038421055922452929e-01
8.409479311330260165e-01 2.222918700351526611e-01 4.893909506497888806e-01
8.383363421731335752e-01 2.218243507005650539e-01 4.914490551029793708e-01
6.243517809015931563e-01 4.565374048243950877e-01 5.409983637225186381e-01
6.243517809015931563e-01 4.565374048243950877e-01 5.409983637225186381e-01
6.243517809015931563e-01 4.565374048243950877e-01 5.409983637225186381e-01
5.844569983010874381e-01 3.258743315446952504e-01 4.988217634271659429e-01
5.844569983010874381e-01 3.258743315446952504e-01 4.988217634271659429e-01
5.844569983010874381e-01 3.258743315446952504e-01 4.988217634271659429e-01
5.836062291152771531e-01 3.290258314383098792e-01 4.938464369408869792e-01
6.054558341910170061e-01 2.480884523933314934e-01 6.216236539125226113e-01
6.054558341910170061e-01 2.480884523933314934e-01 6.216236539125226113e-01
6.054558341910170061e-01 2.480884523933314934e-01 6.216236539125226113e-01
6.098511400566412055e-01 2.512693162979895423e-01 6.165154597364330691e-01
6.098511400566412055e-01 2.512693162979895423e-01 6.165154597364330691e-01
6.098511400566412055e-01 2.512693162979895423e-01 6.165154597364330691e-01
6.098511400566412055e-01 2.512693162979895423e-01 6.165154597364330691e-01
6.098511400566412055e-01 2.512693162979895423e-01 6.165154597364330691e-01
6.098511400566412055e-01 2.512693162979895423e-01 6.165154597364330691e-01
6.098511400566412055e-01 2.512693162979895423e-01 6.165154597364330691e-01
6.058587568151037051e-01 2.341249498674636831e-01 6.247659933057061465e-01
6.058587568151037051e-01 2.341249498674636831e-01 6.247659933057061465e-01
6.058587568151037051e-01 2.341249498674636831e-01 6.247659933057061465e-01
6.058587568151037051e-01 2.341249498674636831e-01 6.247659933057061465e-01
6.058587568151037051e-01 2.341249498674636831e-01 6.247659933057061465e-01
6.022622969964989137e-01 2.311064211731893581e-01 5.920495653539941117e-01
7.204905774651417794e-01 2.328514890707636120e-01 5.281896891216125711e-01
6.550250556436489902e-01 2.318852077370946174e-01 5.635502653258618322e-01
9.718138822074223748e-01 1.848815077055826483e-01 4.063531460977483079e-01
9.718138822074223748e-01 1.848815077055826483e-01 4.063531460977483079e-01
9.718138822074223748e-01 1.848815077055826483e-01 4.063531460977483079e-01
9.260741820894571319e-01 1.814587555412333630e-01 4.534813153317749368e-01
9.260741820894571319e-01 1.814587555412333630e-01 4.534813153317749368e-01
9.260741820894571319e-01 1.814587555412333630e-01 4.534813153317749368e-01
8.847799282480249827e-01 1.783686610205778567e-01 4.960290928295002510e-01
8.847799282480249827e-01 1.783686610205778567e-01 4.960290928295002510e-01
8.847799282480249827e-01 1.783686610205778567e-01 4.960290928295002510e-01
8.847799282480249827e-01 1.783686610205778567e-01 4.960290928295002510e-01
8.873506557357875302e-01 1.785610313913935376e-01 4.933803286315414649e-01
8.873506557357875302e-01 1.785610313913935376e-01 4.933803286315414649e-01
8.873506557357875302e-01 1.785610313913935376e-01 4.933803286315414649e-01
8.873506557357875302e-01 1.785610313913935376e-01 4.933803286315414649e-01
8.873506557357875302e-01 1.785610313913935376e-01 4.933803286315414649e-01
8.873506557357875302e-01 1.785610313913935376e-01 4.933803286315414649e-01
8.873506557357875302e-01 1.785610313913935376e-01 4.933803286315414649e-01
8.873506557357875302e-01 1.785610313913935376e-01 4.933803286315414649e-01
8.722415119128115180e-01 1.758017817172498054e-01 5.113715215439789130e-01
8.587944546008297042e-01 1.986185397673370656e-01 4.966353170572596065e-01
8.587944546008297042e-01 1.986185397673370656e-01 4.966353170572596065e-01
8.057719679955430703e-01 1.768494598780195881e-01 5.744765114034711129e-01
8.057719679955430703e-01 1.768494598780195881e-01 5.744765114034711129e-01
8.057719679955430703e-01 1.768494598780195881e-01 5.744765114034711129e-01
8.057719679955430703e-01 1.768494598780195881e-01 5.744765114034711129e-01
6.245776285406877681e-01 4.234741271977832122e-01 5.655893247360951337e-01
6.274856455797229726e-01 4.209727857114131111e-01 5.646333581118530009e-01
6.274856455797229726e-01 4.209727857114131111e-01 5.646333581118530009e-01
6.274856455797229726e-01 4.209727857114131111e-01 5.646333581118530009e-01
5.962309458844767818e-01 2.452623462251385389e-01 4.265227944345184596e-01
5.962309458844767818e-01 2.452623462251385389e-01 4.265227944345184596e-01
6.043465128518396012e-01 2.176765301070011649e-01 5.277390362867874218e-01
6.043465128518396012e-01 2.176765301070011649e-01 5.277390362867874218e-01
6.043465128518396012e-01 2.176765301070011649e-01 5.277390362867874218e-01
6.043465128518396012e-01 2.176765301070011649e-01 5.277390362867874218e-01
6.043465128518396012e-01 2.176765301070011649e-01 5.277390362867874218e-01
6.043465128518396012e-01 2.176765301070011649e-01 5.277390362867874218e-01
6.043465128518396012e-01 2.176765301070011649e-01 5.277390362867874218e-01
6.043465128518396012e-01 2.176765301070011649e-01 5.277390362867874218e-01
6.043465128518396012e-01 2.176765301070011649e-01 5.277390362867874218e-01
6.102793803038751852e-01 2.462322425750533283e-01 5.467520218823428424e-01
6.102793803038751852e-01 2.462322425750533283e-01 5.467520218823428424e-01
6.107130713484343332e-01 2.460765276256083045e-01 5.458270667034207380e-01
6.087068264666395390e-01 2.397504642480708104e-01 5.590854663647423228e-01
6.087068264666395390e-01 2.397504642480708104e-01 5.590854663647423228e-01
6.087068264666395390e-01 2.397504642480708104e-01 5.590854663647423228e-01
6.087068264666395390e-01 2.397504642480708104e-01 5.590854663647423228e-01
6.139195617214925349e-01 2.480853240029395057e-01 5.362841969990393975e-01
6.148939115320007920e-01 2.449306055234527491e-01 5.725371977958113590e-01
6.148939115320007920e-01 2.449306055234527491e-01 5.725371977958113590e-01
8.173421588739374632e-01 7.456305297502473506e-01 8.063696335459857867e-02
8.173421588739374632e-01 7.456305297502473506e-01 8.063696335459857867e-02
8.173421588739374632e-01 7.456305297502473506e-01 8.063696335459857867e-02
8.173421588739374632e-01 7.456305297502473506e-01 8.063696335459857867e-02
7.432284999282964266e-01 5.179633207580298659e-01 3.451882557110637628e-01
7.432284999282964266e-01 5.179633207580298659e-01 3.451882557110637628e-01
7.432284999282964266e-01 5.179633207580298659e-01 3.451882557110637628e-01
7.432284999282964266e-01 5.179633207580298659e-01 3.451882557110637628e-01
7.848624060597912955e-01 5.404587249594754450e-01 2.326341043131079367e-01
7.848624060597912955e-01 5.404587249594754450e-01 2.326341043131079367e-01
6.984856859947478069e-01 3.674964045123232936e-01 4.702707304051469972e-01
6.984856859947478069e-01 3.674964045123232936e-01 4.702707304051469972e-01
6.984856859947478069e-01 3.674964045123232936e-01 4.702707304051469972e-01
6.984856859947478069e-01 3.674964045123232936e-01 4.702707304051469972e-01
6.984856859947478069e-01 3.674964045123232936e-01 4.702707304051469972e-01
6.984856859947478069e-01 3.674964045123232936e-01 4.702707304051469972e-01
6.984856859947478069e-01 3.674964045123232936e-01 4.702707304051469972e-01
6.984856859947478069e-01 3.674964045123232936e-01 4.702707304051469972e-01
6.984856859947478069e-01 3.674964045123232936e-01 4.702707304051469972e-01
6.984856859947478069e-01 3.674964045123232936e-01 4.702707304051469972e-01
6.984856859947478069e-01 3.674964045123232936e-01 4.702707304051469972e-01
6.984856859947478069e-01 3.674964045123232936e-01 4.702707304051469972e-01
6.984856859947478069e-01 3.674964045123232936e-01 4.702707304051469972e-01
6.973173863610672152e-01 3.216668615229398287e-01 5.375665733332490870e-01
6.946945062815800265e-01 3.211436592153711356e-01 5.270882148559545843e-01
8.173421588739374632e-01 7.456305297502473506e-01 8.063696335459857867e-02
8.173421588739374632e-01 7.456305297502473506e-01 8.063696335459857867e-02
7.983523181137076596e-01 6.918254156977979852e-01 1.392430132616386818e-01
7.983523181137076596e-01 6.918254156977979852e-01 1.392430132616386818e-01
7.949378798329838069e-01 6.821510722718044928e-01 1.497805813650894269e-01
7.949378798329838069e-01 6.821510722718044928e-01 1.497805813650894269e-01
7.949378798329838069e-01 6.821510722718044928e-01 1.497805813650894269e-01
8.060831608626005673e-01 6.441465517953022246e-01 2.813704589935117628e-02
8.060831608626005673e-01 6.441465517953022246e-01 2.813704589935117628e-02
8.060831608626005673e-01 6.441465517953022246e-01 2.813704589935117628e-02
8.060831608626005673e-01 6.441465517953022246e-01 2.813704589935117628e-02
8.072604605931468225e-01 6.401320534979841881e-01 1.528758062826873765e-02
7.797539786513194571e-01 5.104797344443724461e-01 1.877947493885601671e-01
7.797539786513194571e-01 5.104797344443724461e-01 1.877947493885601671e-01
7.797539786513194571e-01 5.104797344443724461e-01 1.877947493885601671e-01
7.633525777027434511e-01 4.286296405300520918e-01 2.929030599525216938e-01
7.633525777027434511e-01 4.286296405300520918e-01 2.929030599525216938e-01
7.633525777027434511e-01 4.286296405300520918e-01 2.929030599525216938e-01
7.577760222824077019e-01 4.008002138668055880e-01 3.286403924423226819e-01
7.577760222824077019e-01 4.008002138668055880e-01 3.286403924423226819e-01
7.568921348556829631e-01 3.997626080439200535e-01 3.315317034582853095e-01
7.568921348556829631e-01 3.997626080439200535e-01 3.315317034582853095e-01
7.568921348556829631e-01 3.997626080439200535e-01 3.315317034582853095e-01
7.568921348556829631e-01 3.997626080439200535e-01 3.315317034582853095e-01
7.568921348556829631e-01 3.997626080439200535e-01 3.315317034582853095e-01
8.173421588739374632e-01 7.456305297502473506e-01 8.063696335459857867e-02
8.173421588739374632e-01 7.456305297502473506e-01 8.063696335459857867e-02
8.173421588739374632e-01 7.456305297502473506e-01 8.063696335459857867e-02
8.173421588739374632e-01 7.456305297502473506e-01 8.063696335459857867e-02
8.173421588739374632e-01 7.456305297502473506e-01 8.063696335459857867e-02
8.173421588739374632e-01 7.456305297502473506e-01 8.063696335459857867e-02
8.173421588739374632e-01 7.456305297502473506e-01 8.063696335459857867e-02
8.173421588739374632e-01 7.456305297502473506e-01 8.063696335459857867e-02
8.173421588739374632e-01 7.456305297502473506e-01 8.063696335459857867e-02
6.845655007687632132e-01 4.910584081053526173e-01 3.706549567253269450e-01
6.845655007687632132e-01 4.910584081053526173e-01 3.706549567253269450e-01
6.845655007687632132e-01 4.910584081053526173e-01 3.706549567253269450e-01
6.845655007687632132e-01 4.910584081053526173e-01 3.706549567253269450e-01
6.729686714944962400e-01 4.688238566801670171e-01 3.959853815423285961e-01
6.729686714944962400e-01 4.688238566801670171e-01 3.959853815423285961e-01
6.729686714944962400e-01 4.688238566801670171e-01 3.959853815423285961e-01
6.733263555175830195e-01 4.659445011069396347e-01 3.878092953143559285e-01
6.816794884960114542e-01 4.751883591207869961e-01 3.256987183107432626e-01
6.816794884960114542e-01 4.751883591207869961e-01 3.256987183107432626e-01
6.816794884960114542e-01 4.751883591207869961e-01 3.256987183107432626e-01
6.864868153903025405e-01 4.805083088153191961e-01 2.899533461227880027e-01
6.124263667439524550e-01 3.452049197997409946e-01 4.876909503664676460e-01
6.124263667439524550e-01 3.452049197997409946e-01 4.876909503664676460e-01
5.757347035310981243e-01 3.130432885417856470e-01 5.349450754635738381e-01
5.757347035310981243e-01 3.130432885417856470e-01 5.349450754635738381e-01
8.173421588739374632e-01 7.456305297502473506e-01 8.063696335459857867e-02
8.157315318657450964e-01 7.366610537995730290e-01 8.979358313436913708e-02
8.157315318657450964e-01 7.366610537995730290e-01 8.979358313436913708e-02
8.157315318657450964e-01 7.366610537995730290e-01 8.979358313436913708e-02
8.157315318657450964e-01 7.366610537995730290e-01 8.979358313436913708e-02
7.932968473197424819e-01 5.818208643058286889e-01 2.426722760915152044e-01
7.564596961643281769e-01 4.883123059838322400e-01 1.942400256586350737e-01
7.318206505032923692e-01 4.257677941003539246e-01 1.618454350767556393e-01
7.318206505032923692e-01 4.257677941003539246e-01 1.618454350767556393e-01
7.495584540747244340e-01 4.707939806468016131e-01 1.851665040996126887e-01
7.483877017932946130e-01 4.470438985723064196e-01 2.215828080319605098e-01
7.483877017932946130e-01 4.470438985723064196e-01 2.215828080319605098e-01
7.483877017932946130e-01 4.470438985723064196e-01 2.215828080319605098e-01
7.453368232130004323e-01 3.851532511393482849e-01 3.164805275606324964e-01
7.416881485448582056e-01 3.111356094861752464e-01 4.299727220862316068e-01
7.416881485448582056e-01 3.111356094861752464e-01 4.299727220862316068e-01
7.416881485448582056e-01 3.111356094861752464e-01 4.299727220862316068e-01
7.390170381743444983e-01 2.569490052523096812e-01 5.130577338623112382e-01
7.382791540146781406e-01 2.419801603211323149e-01 5.360096548207370359e-01
7.382791540146781406e-01 2.419801603211323149e-01 5.360096548207370359e-01
7.382791540146781406e-01 2.419801603211323149e-01 5.360096548207370359e-01
7.382791540146781406e-01 2.419801603211323149e-01 5.360096548207370359e-01
7.382791540146781406e-01 2.419801603211323149e-01 5.360096548207370359e-01
7.382791540146781406e-01 2.419801603211323149e-01 5.360096548207370359e-01
7.284322479266469585e-01 2.324011558244307163e-01 5.421803865343910456e-01
8.173421588739374632e-01 7.456305297502473506e-01 8.063696335459857867e-02
8.173421588739374632e-01 7.456305297502473506e-01 8.063696335459857867e-02
8.173421588739374632e-01 7.456305297502473506e-01 8.063696335459857867e-02
8.173421588739374632e-01 7.456305297502473506e-01 8.063696335459857867e-02
7.492843398438784330e-01 5.365660478571661063e-01 3.235717237686031589e-01
6.913840010318714757e-01 3.587039813425203505e-01 5.302490040230888324e-01
6.913840010318714757e-01 3.587039813425203505e-01 5.302490040230888324e-01
6.913840010318714757e-01 3.587039813425203505e-01 5.302490040230888324e-01
6.913840010318714757e-01 3.587039813425203505e-01 5.302490040230888324e-01
6.624318046373317559e-01 3.229957199028290482e-01 6.042034688953993316e-01
6.475154382242727102e-01 1.758709527141399942e-01 5.089858642063729288e-01
6.475154382242727102e-01 1.758709527141399942e-01 5.089858642063729288e-01
6.475154382242727102e-01 1.758709527141399942e-01 5.089858642063729288e-01
6.212429194681039490e-01 1.568163094235883182e-01 6.099145576230795562e-01
6.175149429380939470e-01 1.541125236299932533e-01 6.242359785631145241e-01
6.175149429380939470e-01 1.541125236299932533e-01 6.242359785631145241e-01
6.106032275632491402e-01 1.897156246268453250e-01 6.045998278248682078e-01
5.966671025452933153e-01 1.655898420254676151e-01 6.761611925352319918e-01
5.965556817363218967e-01 1.770158234762292948e-01 6.630362761741703803e-01
5.964805886765544019e-01 1.847164667932564563e-01 6.541906203416368859e-01
5.965211369512369854e-01 1.805583222001508059e-01 6.589670415389664582e-01
5.965211369512369854e-01 1.805583222001508059e-01 6.589670415389664582e-01
5.965211369512369854e-01 1.805583222001508059e-01 6.589670415389664582e-01
5.965211369512369854e-01 1.805583222001508059e-01 6.589670415389664582e-01
6.035092219965720872e-01 1.925098054071446019e-01 6.221812353229025927e-01
7.217168076466662363e-01 8.638128990760320924e-01 9.657600618163360018e-01
7.557223305912683653e-01 7.257822035197981636e-01 9.695599286008311779e-01
7.557223305912683653e-01 7.257822035197981636e-01 9.695599286008311779e-01
7.342058594926019754e-01 8.131190010306846849e-01 9.671556213951879588e-01
7.342058594926019754e-01 8.131190010306846849e-01 9.671556213951879588e-01
7.342058594926019754e-01 8.131190010306846849e-01 9.671556213951879588e-01
7.281942610002682947e-01 8.974360472522431298e-01 9.770669708663012321e-01
7.281942610002682947e-01 8.974360472522431298e-01 9.770669708663012321e-01
7.281942610002682947e-01 8.974360472522431298e-01 9.770669708663012321e-01
7.281942610002682947e-01 8.974360472522431298e-01 9.770669708663012321e-01
7.090227801578408151e-01 7.943003642266707187e-01 9.174119384364368690e-01
7.111412502166480909e-01 7.749104944850075949e-01 9.164516103561796134e-01
7.111412502166480909e-01 7.749104944850075949e-01 9.164516103561796134e-01
7.293944744853756434e-01 8.665493964888756340e-01 9.763312877754817265e-01
7.281979443138471009e-01 8.472302322235856220e-01 9.567408490982177716e-01
7.278474451293287517e-01 8.519779065551927877e-01 9.572115402380061422e-01
7.278474451293287517e-01 8.519779065551927877e-01 9.572115402380061422e-01
7.278474451293287517e-01 8.519779065551927877e-01 9.572115402380061422e-01
7.128317995686391795e-01 7.774621035986369888e-01 9.097464915377357908e-01
7.293732143483023789e-01 6.754893332268838702e-01 9.102202386149497171e-01
7.193976951959818456e-01 5.760191093875643986e-01 7.681329632925187889e-01
7.178868018603095091e-01 5.609533372706614340e-01 7.466124074106166297e-01
7.668536512194632504e-01 3.355376955416781160e-01 8.153626937341590386e-01
7.668536512194632504e-01 3.355376955416781160e-01 8.153626937341590386e-01
7.546957433823744399e-01 2.727605214028760994e-01 8.160397522586615437e-01
7.196241167205774669e-01 9.389650049812526822e-01 9.717816049262907319e-01
7.196241167205774669e-01 9.389650049812526822e-01 9.717816049262907319e-01
7.196241167205774669e-01 9.389650049812526822e-01 9.717816049262907319e-01
7.196241167205774669e-01 9.389650049812526822e-01 9.717816049262907319e-01
7.196241167205774669e-01 9.389650049812526822e-01 9.717816049262907319e-01
7.196241167205774669e-01 9.389650049812526822e-01 9.717816049262907319e-01
7.196241167205774669e-01 9.389650049812526822e-01 9.717816049262907319e-01
7.196241167205774669e-01 9.389650049812526822e-01 9.717816049262907319e-01
7.196241167205774669e-01 9.389650049812526822e-01 9.717816049262907319e-01
7.196241167205774669e-01 9.389650049812526822e-01 9.717816049262907319e-01
7.196241167205774669e-01 9.389650049812526822e-01 9.717816049262907319e-01
7.196241167205774669e-01 9.389650049812526822e-01 9.717816049262907319e-01
7.282456677283608570e-01 9.130554079691840519e-01 9.499849988002294632e-01
7.282456677283608570e-01 9.130554079691840519e-01 9.499849988002294632e-01
7.282456677283608570e-01 9.130554079691840519e-01 9.499849988002294632e-01
7.282456677283608570e-01 9.130554079691840519e-01 9.499849988002294632e-01
7.282456677283608570e-01 9.130554079691840519e-01 9.499849988002294632e-01
7.282456677283608570e-01 9.130554079691840519e-01 9.499849988002294632e-01
7.282456677283608570e-01 9.130554079691840519e-01 9.499849988002294632e-01
7.190614712154871357e-01 6.624022514628581382e-01 9.075489120293079859e-01
7.190614712154871357e-01 6.624022514628581382e-01 9.075489120293079859e-01
7.190614712154871357e-01 6.624022514628581382e-01 9.075489120293079859e-01
7.190614712154871357e-01 6.624022514628581382e-01 9.075489120293079859e-01
7.084246115127924570e-01 7.008100646367998454e-01 9.440409684215270714e-01
7.092765638577737120e-01 6.955183131936646390e-01 9.332744041612408559e-01
7.196241167205774669e-01 9.389650049812526822e-01 9.717816049262907319e-01
7.196241167205774669e-01 9.389650049812526822e-01 9.717816049262907319e-01
7.520570475693377777e-01 8.747966740602576285e-01 6.760078470876095258e-01
7.520570475693377777e-01 8.747966740602576285e-01 6.760078470876095258e-01
7.520570475693377777e-01 8.747966740602576285e-01 6.760078470876095258e-01
7.520570475693377777e-01 8.747966740602576285e-01 6.760078470876095258e-01
6.998397680566571522e-01 7.056157291375499963e-01 6.195404855315744808e-01
6.948905689319972989e-01 7.323837152821268681e-01 6.089495579609609521e-01
6.567808603854221605e-01 5.260170125392608087e-01 6.143502124628635874e-01
6.567808603854221605e-01 5.260170125392608087e-01 6.143502124628635874e-01
6.567808603854221605e-01 5.260170125392608087e-01 6.143502124628635874e-01
6.567808603854221605e-01 5.260170125392608087e-01 6.143502124628635874e-01
6.675465925314039151e-01 5.124715800146621980e-01 5.199254579107097651e-01
6.675465925314039151e-01 5.124715800146621980e-01 5.199254579107097651e-01
6.686355586146399688e-01 5.037054055186295232e-01 4.950334302516591345e-01
6.686355586146399688e-01 5.037054055186295232e-01 4.950334302516591345e-01
6.551610242787337945e-01 4.458421343446640206e-01 5.228794788754642653e-01
6.643882657467272690e-01 4.560533102244072601e-01 4.542693785443949195e-01
6.643882657467272690e-01 4.560533102244072601e-01 4.542693785443949195e-01
6.643882657467272690e-01 4.560533102244072601e-01 4.542693785443949195e-01
6.714599041579577543e-01 4.127326722843434048e-01 5.003384144336560091e-01
6.633339252355299198e-01 3.906086295422691590e-01 5.157511918657133876e-01
6.633339252355299198e-01 3.906086295422691590e-01 5.157511918657133876e-01
6.633339252355299198e-01 3.906086295422691590e-01 5.157511918657133876e-01
6.633339252355299198e-01 3.906086295422691590e-01 5.157511918657133876e-01
8.388895858015756879e-01 5.823441807570680639e-01 7.043794355965852239e-01
9.559821783321174049e-01 9.947863159207814832e-01 4.565654911261218807e-01
9.559821783321174049e-01 9.947863159207814832e-01 4.565654911261218807e-01
9.559821783321174049e-01 9.947863159207814832e-01 4.565654911261218807e-01
9.559821783321174049e-01 9.947863159207814832e-01 4.565654911261218807e-01
9.559821783321174049e-01 9.947863159207814832e-01 4.565654911261218807e-01
9.559821783321174049e-01 9.947863159207814832e-01 4.565654911261218807e-01
8.854744905138536293e-01 8.158074309715258599e-01 3.638643487535643262e-01
8.854744905138536293e-01 8.158074309715258599e-01 3.638643487535643262e-01
8.851879590032495360e-01 5.528413836384973301e-01 4.183869821181848137e-01
8.859229563689615672e-01 4.256413611847993383e-01 4.438736401890820971e-01
8.859229563689615672e-01 4.256413611847993383e-01 4.438736401890820971e-01
8.793668602191113681e-01 4.266615875507313027e-01 4.332773747199217818e-01
8.793668602191113681e-01 4.266615875507313027e-01 4.332773747199217818e-01
8.793668602191113681e-01 4.266615875507313027e-01 4.332773747199217818e-01
8.793668602191113681e-01 4.266615875507313027e-01 4.332773747199217818e-01
8.793668602191113681e-01 4.266615875507313027e-01 4.332773747199217818e-01
8.793668602191113681e-01 4.266615875507313027e-01 4.332773747199217818e-01
8.779813249107177864e-01 3.778814994065862187e-01 4.484629057497432347e-01
8.779813249107177864e-01 3.778814994065862187e-01 4.484629057497432347e-01
8.779813249107177864e-01 3.778814994065862187e-01 4.484629057497432347e-01
8.779813249107177864e-01 3.778814994065862187e-01 4.484629057497432347e-01
8.779813249107177864e-01 3.778814994065862187e-01 4.484629057497432347e-01
8.779813249107177864e-01 3.778814994065862187e-01 4.484629057497432347e-01
8.533631003611670263e-01 3.539330549355261812e-01 4.638903362140610609e-01
7.196241167205774669e-01 9.389650049812526822e-01 9.717816049262907319e-01
7.196241167205774669e-01 9.389650049812526822e-01 9.717816049262907319e-01
7.196241167205774669e-01 9.389650049812526822e-01 9.717816049262907319e-01
7.196241167205774669e-01 9.389650049812526822e-01 9.717816049262907319e-01
7.196241167205774669e-01 9.389650049812526822e-01 9.717816049262907319e-01
7.196241167205774669e-01 9.389650049812526822e-01 9.717816049262907319e-01
7.196241167205774669e-01 9.389650049812526822e-01 9.717816049262907319e-01
7.187720378368811502e-01 8.786969854324332418e-01 9.638474937422059075e-01
7.187720378368811502e-01 8.786969854324332418e-01 9.638474937422059075e-01
6.969362389914539602e-01 6.633237013127850634e-01 8.244601654239143151e-01
6.624942017478469003e-01 4.975494074669077893e-01 7.140842024872058325e-01
6.624942017478469003e-01 4.975494074669077893e-01 7.140842024872058325e-01
6.464383823705632803e-01 4.202705258328027216e-01 6.626303203613892467e-01
6.332554683454707511e-01 3.568193354202415790e-01 6.203832018317930741e-01
6.332554683454707511e-01 3.568193354202415790e-01 6.203832018317930741e-01
6.332554683454707511e-01 3.568193354202415790e-01 6.203832018317930741e-01
6.353234976247401633e-01 2.898058554173751356e-01 6.629893457865606576e-01
6.268408340342571661e-01 2.625482011019907302e-01 6.658797432125167504e-01
6.263618473969537748e-01 2.611954304262321114e-01 6.658347712506266225e-01
6.167122670537575901e-01 2.364980135253513804e-01 6.620745156745155846e-01
6.176111510162524132e-01 2.361328149130274279e-01 6.736385518733621902e-01
6.176111510162524132e-01 2.361328149130274279e-01 6.736385518733621902e-01
6.160000388889608214e-01 2.413492219422859464e-01 6.136932954526489459e-01
6.155648066132863860e-01 2.427584030065514931e-01 5.974994440589971312e-01
6.112008610042358736e-01 2.245691443495423656e-01 6.064338921205443267e-01
6.263839677001844519e-01 1.590326065439797709e-01 7.622688916624711375e-01
6.263839677001844519e-01 1.590326065439797709e-01 7.622688916624711375e-01
6.263839677001844519e-01 1.590326065439797709e-01 7.622688916624711375e-01
6.263839677001844519e-01 1.590326065439797709e-01 7.622688916624711375e-01
6.263839677001844519e-01 1.590326065439797709e-01 7.622688916624711375e-01
6.263839677001844519e-01 1.590326065439797709e-01 7.622688916624711375e-01
6.263839677001844519e-01 1.590326065439797709e-01 7.622688916624711375e-01
5.997023093082193279e-01 1.696907684515753800e-01 7.420401184079422618e-01
5.997023093082193279e-01 1.696907684515753800e-01 7.420401184079422618e-01
5.997023093082193279e-01 1.696907684515753800e-01 7.420401184079422618e-01
6.037833748555059277e-01 2.078332736684705417e-01 6.816611122796282229e-01
6.037833748555059277e-01 2.078332736684705417e-01 6.816611122796282229e-01
6.046401156529528365e-01 2.158405550898316594e-01 6.689857074717304730e-01
5.996600474642341805e-01 1.692957802834122449e-01 7.426653786757331233e-01
4.708833733103742203e-01 2.191027812458878343e-01 6.447252999732291379e-01
4.708833733103742203e-01 2.191027812458878343e-01 6.447252999732291379e-01
4.708833733103742203e-01 2.191027812458878343e-01 6.447252999732291379e-01
4.708833733103742203e-01 2.191027812458878343e-01 6.447252999732291379e-01
4.708833733103742203e-01 2.191027812458878343e-01 6.447252999732291379e-01
4.708833733103742203e-01 2.191027812458878343e-01 6.447252999732291379e-01
4.708833733103742203e-01 2.191027812458878343e-01 6.447252999732291379e-01
4.881245676088894481e-01 2.303438062654589447e-01 6.315101217322320881e-01
4.881245676088894481e-01 2.303438062654589447e-01 6.315101217322320881e-01
5.245571929826133850e-01 2.077729248279257535e-01 6.609697407776409239e-01
5.393946123389770086e-01 2.239077704545009428e-01 6.406996384164337366e-01
6.263839677001844519e-01 1.590326065439797709e-01 7.622688916624711375e-01
6.055930777141941279e-01 1.456684970952953906e-01 7.341325547556293296e-01
6.055930777141941279e-01 1.456684970952953906e-01 7.341325547556293296e-01
6.055930777141941279e-01 1.456684970952953906e-01 7.341325547556293296e-01
6.055930777141941279e-01 1.456684970952953906e-01 7.341325547556293296e-01
6.055930777141941279e-01 1.456684970952953906e-01 7.341325547556293296e-01
6.055930777141941279e-01 1.456684970952953906e-01 7.341325547556293296e-01
6.055930777141941279e-01 1.456684970952953906e-01 7.341325547556293296e-01
6.055930777141941279e-01 1.456684970952953906e-01 7.341325547556293296e-01
6.578055087527027167e-01 1.616160285257028373e-01 6.821607101195602540e-01
7.090619582851739322e-01 1.772715692402752896e-01 6.311404419820090261e-01
7.090619582851739322e-01 1.772715692402752896e-01 6.311404419820090261e-01
7.130771456514126694e-01 1.777334611191261349e-01 6.150929596054179882e-01
7.130771456514126694e-01 1.777334611191261349e-01 6.150929596054179882e-01
7.130771456514126694e-01 1.777334611191261349e-01 6.150929596054179882e-01
7.130771456514126694e-01 1.777334611191261349e-01 6.150929596054179882e-01
7.130771456514126694e-01 1.777334611191261349e-01 6.150929596054179882e-01
7.172555674937249881e-01 1.985855957190431342e-01 5.883155604036054420e-01
7.172555674937249881e-01 1.985855957190431342e-01 5.883155604036054420e-01
7.172555674937249881e-01 1.985855957190431342e-01 5.883155604036054420e-01
7.263392065710737588e-01 2.010851731253332497e-01 5.812494335577931270e-01
7.263392065710737588e-01 2.010851731253332497e-01 5.812494335577931270e-01
7.265434434916239193e-01 2.018114993652801448e-01 5.795492370783864589e-01
7.265434434916239193e-01 2.018114993652801448e-01 5.795492370783864589e-01
7.265434434916239193e-01 2.018114993652801448e-01 5.795492370783864589e-01
6.263839677001844519e-01 1.590326065439797709e-01 7.622688916624711375e-01
6.263839677001844519e-01 1.590326065439797709e-01 7.622688916624711375e-01
6.263839677001844519e-01 1.590326065439797709e-01 7.622688916624711375e-01
6.263839677001844519e-01 1.590326065439797709e-01 7.622688916624711375e-01
6.263839677001844519e-01 1.590326065439797709e-01 7.622688916624711375e-01
6.298177963672253465e-01 1.578445619385545062e-01 7.640932187423463695e-01
6.298177963672253465e-01 1.578445619385545062e-01 7.640932187423463695e-01
5.289701402859190438e-01 1.927360854811149826e-01 7.105148000818687359e-01
5.289701402859190438e-01 1.927360854811149826e-01 7.105148000818687359e-01
5.289701402859190438e-01 1.927360854811149826e-01 7.105148000818687359e-01
5.289701402859190438e-01 1.927360854811149826e-01 7.105148000818687359e-01
5.289701402859190438e-01 1.927360854811149826e-01 7.105148000818687359e-01
5.289701402859190438e-01 1.927360854811149826e-01 7.105148000818687359e-01
5.289701402859190438e-01 1.927360854811149826e-01 7.105148000818687359e-01
5.289701402859190438e-01 1.927360854811149826e-01 7.105148000818687359e-01
5.289701402859190438e-01 1.927360854811149826e-01 7.105148000818687359e-01
5.289701402859190438e-01 1.927360854811149826e-01 7.105148000818687359e-01
5.289701402859190438e-01 1.927360854811149826e-01 7.105148000818687359e-01
5.289701402859190438e-01 1.927360854811149826e-01 7.105148000818687359e-01
5.289701402859190438e-01 1.927360854811149826e-01 7.105148000818687359e-01
5.289701402859190438e-01 1.927360854811149826e-01 7.105148000818687359e-01
4.524629656460056326e-01 2.288953596303703597e-01 6.729622431144831607e-01
4.802014584171017675e-01 2.293047841189111979e-01 6.579795612365645363e-01
4.802014584171017675e-01 2.293047841189111979e-01 6.579795612365645363e-01
4.529870430047011620e-01 2.289030950940925957e-01 6.726791677358188171e-01
7.131744187948154678e-01 1.655272316412773059e-01 6.728438395406550754e-01
7.131744187948154678e-01 1.655272316412773059e-01 6.728438395406550754e-01
7.331974542473069789e-01 1.670255774492975798e-01 6.522129871093926834e-01
7.331974542473069789e-01 1.670255774492975798e-01 6.522129871093926834e-01
7.331974542473069789e-01 1.670255774492975798e-01 6.522129871093926834e-01
7.331974542473069789e-01 1.670255774492975798e-01 6.522129871093926834e-01
7.331974542473069789e-01 1.670255774492975798e-01 6.522129871093926834e-01
7.331974542473069789e-01 1.670255774492975798e-01 6.522129871093926834e-01
7.345894278211491102e-01 1.671297403657639735e-01 6.507787589446225596e-01
7.345894278211491102e-01 1.671297403657639735e-01 6.507787589446225596e-01
7.345894278211491102e-01 1.671297403657639735e-01 6.507787589446225596e-01
7.345894278211491102e-01 1.671297403657639735e-01 6.507787589446225596e-01
7.345894278211491102e-01 1.671297403657639735e-01 6.507787589446225596e-01
7.337703613348816045e-01 1.505140167990649258e-01 6.762558599315944274e-01
7.337703613348816045e-01 1.505140167990649258e-01 6.762558599315944274e-01
7.337703613348816045e-01 1.505140167990649258e-01 6.762558599315944274e-01
7.337703613348816045e-01 1.505140167990649258e-01 6.762558599315944274e-01
7.337703613348816045e-01 1.505140167990649258e-01 6.762558599315944274e-01
7.479220517620914777e-01 1.530984152042533797e-01 6.594047533767770641e-01
7.479220517620914777e-01 1.530984152042533797e-01 6.594047533767770641e-01
7.479220517620914777e-01 1.530984152042533797e-01 6.594047533767770641e-01
7.479220517620914777e-01 1.530984152042533797e-01 6.594047533767770641e-01
7.449268165931858254e-01 1.807064782389569690e-01 6.210763018524643186e-01
7.449268165931858254e-01 1.807064782389569690e-01 6.210763018524643186e-01
7.449268165931858254e-01 1.807064782389569690e-01 6.210763018524643186e-01
6.263839677001844519e-01 1.590326065439797709e-01 7.622688916624711375e-01
6.263839677001844519e-01 1.590326065439797709e-01 7.622688916624711375e-01
6.263839677001844519e-01 1.590326065439797709e-01 7.622688916624711375e-01
6.263839677001844519e-01 1.590326065439797709e-01 7.622688916624711375e-01
6.238705789952802006e-01 1.513118139168366239e-01 7.712405203681087507e-01
6.238705789952802006e-01 1.513118139168366239e-01 7.712405203681087507e-01
6.238705789952802006e-01 1.513118139168366239e-01 7.712405203681087507e-01
6.238705789952802006e-01 1.513118139168366239e-01 7.712405203681087507e-01
6.238705789952802006e-01 1.513118139168366239e-01 7.712405203681087507e-01
5.927425183029332301e-01 1.293481058421583896e-01 7.330769365210072497e-01
5.937296117173200827e-01 1.368617603451425802e-01 7.156098747957563289e-01
5.919849629068983932e-01 1.355964206547078665e-01 7.223121299750595581e-01
5.919849629068983932e-01 1.355964206547078665e-01 7.223121299750595581e-01
5.919849629068983932e-01 1.355964206547078665e-01 7.223121299750595581e-01
5.926697162977123678e-01 1.366256972253996338e-01 7.222345692110592186e-01
5.712123279388915398e-01 1.215233344754945433e-01 8.068702961692644227e-01
5.712123279388915398e-01 1.215233344754945433e-01 8.068702961692644227e-01
5.712123279388915398e-01 1.215233344754945433e-01 8.068702961692644227e-01
5.821278282932020876e-01 1.559419379398567507e-01 7.347345028202106887e-01
5.821278282932020876e-01 1.559419379398567507e-01 7.347345028202106887e-01
5.821278282932020876e-01 1.559419379398567507e-01 7.347345028202106887e-01
5.818358904316414115e-01 1.554426465850301808e-01 7.362712857203663752e-01
5.818358904316414115e-01 1.554426465850301808e-01 7.362712857203663752e-01
5.818358904316414115e-01 1.554426465850301808e-01 7.362712857203663752e-01
5.818358904316414115e-01 1.554426465850301808e-01 7.362712857203663752e-01
2.047016304089191996e-01 7.846320018457578760e-01 7.036172094239671049e-01
2.047016304089191996e-01 7.846320018457578760e-01 7.036172094239671049e-01
5.588266189394782701e-01 4.183283060839603218e-01 8.437049494205346445e-01
5.588266189394782701e-01 4.183283060839603218e-01 8.437049494205346445e-01
5.588266189394782701e-01 4.183283060839603218e-01 8.437049494205346445e-01
5.588266189394782701e-01 4.183283060839603218e-01 8.437049494205346445e-01
5.588266189394782701e-01 4.183283060839603218e-01 8.437049494205346445e-01
5.588266189394782701e-01 4.183283060839603218e-01 8.437049494205346445e-01
5.588266189394782701e-01 4.183283060839603218e-01 8.437049494205346445e-01
5.588266189394782701e-01 4.183283060839603218e-01 8.437049494205346445e-01
5.588266189394782701e-01 4.183283060839603218e-01 8.437049494205346445e-01
6.450314439920468157e-01 2.954937039248819453e-01 8.585829126111688137e-01
6.450314439920468157e-01 2.954937039248819453e-01 8.585829126111688137e-01
6.450314439920468157e-01 2.954937039248819453e-01 8.585829126111688137e-01
6.964409789840549925e-01 2.222394542459841804e-01 8.674556081800338658e-01
6.964409789840549925e-01 2.222394542459841804e-01 8.674556081800338658e-01
6.967076513614953726e-01 2.411839856945936500e-01 8.156544283113820182e-01
6.967076513614953726e-01 2.411839856945936500e-01 8.156544283113820182e-01
6.967204029388932573e-01 2.420898637662274866e-01 8.131774310282839924e-01
7.514146600062836523e-01 1.530834366102323818e-01 8.523221998105287023e-01
6.603645521305910870e-01 2.020630740674197734e-01 7.305651795160787998e-01
6.603645521305910870e-01 2.020630740674197734e-01 7.305651795160787998e-01
6.933726662364997351e-01 1.669251194919089132e-01 7.647884762126528901e-01
6.933726662364997351e-01 1.669251194919089132e-01 7.647884762126528901e-01
6.974952894462520536e-01 1.540385939354000366e-01 7.734208349150405448e-01
2.047016304089191996e-01 7.846320018457578760e-01 7.036172094239671049e-01
2.127518539519022145e-01 7.778112822672476057e-01 7.008929955331568706e-01
2.127518539519022145e-01 7.778112822672476057e-01 7.008929955331568706e-01
9.659890274485405381e-02 7.948664466247974403e-01 8.122954055015301211e-01
9.659890274485405381e-02 7.948664466247974403e-01 8.122954055015301211e-01
9.659890274485405381e-02 7.948664466247974403e-01 8.122954055015301211e-01
9.659890274485405381e-02 7.948664466247974403e-01 8.122954055015301211e-01
2.850661259193832953e-01 6.498101607273465419e-01 7.325929762550822399e-01
5.330434572295609241e-01 4.589511346286516691e-01 6.277238357723912143e-01
5.639590192274859248e-01 4.799203208860541303e-01 5.598342126560050813e-01
5.671181880196449754e-01 4.710127947788103064e-01 5.661144100430232085e-01
5.671181880196449754e-01 4.710127947788103064e-01 5.661144100430232085e-01
6.140981612122157207e-01 3.385490471091461284e-01 6.595071738669915362e-01
6.140981612122157207e-01 3.385490471091461284e-01 6.595071738669915362e-01
6.331669160042412425e-01 2.847831857964580049e-01 6.974144690757172471e-01
6.331669160042412425e-01 2.847831857964580049e-01 6.974144690757172471e-01
6.331669160042412425e-01 2.847831857964580049e-01 6.974144690757172471e-01
6.395091364105052190e-01 2.917909154394731086e-01 6.777079938768646450e-01
6.463096491277614541e-01 2.699485303331276564e-01 6.932614322569102816e-01
6.985840875590985100e-01 3.313141070620672091e-01 5.222649284941673908e-01
7.466797612190714251e-01 3.032491277143836150e-01 5.089887919457848353e-01
7.423788934664283801e-01 2.626031691924062272e-01 5.837235692376816498e-01
7.423788934664283801e-01 2.626031691924062272e-01 5.837235692376816498e-01
7.423788934664283801e-01 2.626031691924062272e-01 5.837235692376816498e-01
7.423788934664283801e-01 2.626031691924062272e-01 5.837235692376816498e-01
2.047016304089191996e-01 7.846320018457578760e-01 7.036172094239671049e-01
7.377441381040161783e-02 7.929669943045558611e-01 8.367541238525386671e-01
1.550342758321967551e-01 7.174957473963504695e-01 8.405555430252189542e-01
4.057015424876890264e-01 4.800984555658679431e-01 8.484689765631413527e-01
4.057015424876890264e-01 4.800984555658679431e-01 8.484689765631413527e-01
4.057015424876890264e-01 4.800984555658679431e-01 8.484689765631413527e-01
4.057015424876890264e-01 4.800984555658679431e-01 8.484689765631413527e-01
4.057015424876890264e-01 4.800984555658679431e-01 8.484689765631413527e-01
4.248431357442091771e-01 4.619701915087031097e-01 8.490732665770169829e-01
4.248431357442091771e-01 4.619701915087031097e-01 8.490732665770169829e-01
4.969304109841278239e-01 3.798718410018985248e-01 7.584584918638210826e-01
4.969304109841278239e-01 3.798718410018985248e-01 7.584584918638210826e-01
4.969304109841278239e-01 3.798718410018985248e-01 7.584584918638210826e-01
4.999853654313138884e-01 3.814155074474465112e-01 7.521681613575343928e-01
4.999853654313138884e-01 3.814155074474465112e-01 7.521681613575343928e-01
6.141724130735477516e-01 2.597711228952556128e-01 7.866028076731162999e-01
6.141724130735477516e-01 2.597711228952556128e-01 7.866028076731162999e-01
6.141724130735477516e-01 2.597711228952556128e-01 7.866028076731162999e-01
6.239741255302355682e-01 2.493292794115089805e-01 7.895586464368137269e-01
6.239741255302355682e-01 2.493292794115089805e-01 7.895586464368137269e-01
6.239741255302355682e-01 2.493292794115089805e-01 7.895586464368137269e-01
6.222918937000840867e-01 2.479173728962559276e-01 7.742556486987270947e-01
6.222918937000840867e-01 2.479173728962559276e-01 7.742556486987270947e-01
6.222918937000840867e-01 2.479173728962559276e-01 7.742556486987270947e-01
6.277918325864503268e-01 2.407011267333144522e-01 7.761212487719596487e-01
2.248227064948737919e-02 9.731180649055762855e-01 6.315333432211236442e-01
4.606211016698794625e-01 6.093283843192709437e-01 5.276073945479647920e-01
4.606211016698794625e-01 6.093283843192709437e-01 5.276073945479647920e-01
5.077267294524197006e-01 5.660263452512228621e-01 5.201055524860552781e-01
5.077267294524197006e-01 5.660263452512228621e-01 5.201055524860552781e-01
5.077267294524197006e-01 5.660263452512228621e-01 5.201055524860552781e-01
5.693563745036522850e-01 5.467708009666801816e-01 4.393644387595920797e-01
5.693563745036522850e-01 5.467708009666801816e-01 4.393644387595920797e-01
6.949707851204692810e-01 4.000581755778751525e-01 4.619305947720434014e-01
6.949707851204692810e-01 4.000581755778751525e-01 4.619305947720434014e-01
6.876649447113617475e-01 4.850465866314839780e-01 3.093513068207441874e-01
6.876649447113617475e-01 4.850465866314839780e-01 3.093513068207441874e-01
7.397044769945102516e-01 4.051742469211858655e-01 3.573105933036301307e-01
7.397044769945102516e-01 4.051742469211858655e-01 3.573105933036301307e-01
7.397044769945102516e-01 4.051742469211858655e-01 3.573105933036301307e-01
7.397044769945102516e-01 4.051742469211858655e-01 3.573105933036301307e-01
7.393618972183501059e-01 4.012698486653127894e-01 3.657529576586831532e-01
7.393618972183501059e-01 4.012698486653127894e-01 3.657529576586831532e-01
7.393618972183501059e-01 4.012698486653127894e-01 3.657529576586831532e-01
7.393618972183501059e-01 4.012698486653127894e-01 3.657529576586831532e-01
7.359013197191587308e-01 3.747404402888490083e-01 4.118062421212700386e-01
7.359013197191587308e-01 3.747404402888490083e-01 4.118062421212700386e-01
7.359013197191587308e-01 3.747404402888490083e-01 4.118062421212700386e-01
7.359013197191587308e-01 3.747404402888490083e-01 4.118062421212700386e-01
7.295856201169274025e-01 3.622754337621637566e-01 4.320507128960038301e-01
2.047016304089191996e-01 7.846320018457578760e-01 7.036172094239671049e-01
2.257715128155580175e-01 7.615891828981857792e-01 7.112393854927330228e-01
2.257715128155580175e-01 7.615891828981857792e-01 7.112393854927330228e-01
2.257715128155580175e-01 7.615891828981857792e-01 7.112393854927330228e-01
3.529647402431846381e-01 7.069173251822684634e-01 6.170512423981111549e-01
4.535751882387656919e-01 5.670869468507844235e-01 6.901645369169573385e-01
5.799197858874549638e-01 3.914907414732742286e-01 7.819787566405339563e-01
6.361708960235099575e-01 3.133118428738363437e-01 8.228562605611017267e-01
6.233557889662793006e-01 2.748012214755329863e-01 7.040178591031043265e-01
5.911241906508476474e-01 2.990374099560803023e-01 6.392424888512844294e-01
5.977054671774049144e-01 2.585408587004605074e-01 5.837427782983407587e-01
5.986353128900823162e-01 2.528192415626137612e-01 5.759014168687994761e-01
5.990857394681472492e-01 2.500476329040358658e-01 5.721029828405249651e-01
5.990857394681472492e-01 2.500476329040358658e-01 5.721029828405249651e-01
5.990857394681472492e-01 2.500476329040358658e-01 5.721029828405249651e-01
5.988337315416318862e-01 2.503417547283182665e-01 5.711627452107915781e-01
5.958301253012575627e-01 2.514201869434635195e-01 5.775686906005581545e-01
5.962230598706665941e-01 2.111255315476181504e-01 6.238547785088328634e-01
5.962230598706665941e-01 2.111255315476181504e-01 6.238547785088328634e-01
5.962295947583302613e-01 2.104553918679918645e-01 6.246245615933955220e-01
5.962261783554807515e-01 2.108057371575986494e-01 6.242221232870324155e-01
5.961398685895392680e-01 2.196566312928180387e-01 6.140551852654743126e-01
5.961398685895392680e-01 2.196566312928180387e-01 6.140551852654743126e-01
5.793068100233418338e-01 1.969714806972847065e-01 6.513204681045760003e-01
5.793068100233418338e-01 1.969714806972847065e-01 6.513204681045760003e-01
