7.393207056718170689e-01 2.316268498903353290e-01 9.151063176154138334e-01
9.247060651464790171e-01 3.986590526601097029e-02 9.884426166013171589e-01
9.247060651464790171e-01 3.986590526601097029e-02 9.884426166013171589e-01
9.247060651464790171e-01 3.986590526601097029e-02 9.884426166013171589e-01
9.247060651464790171e-01 3.986590526601097029e-02 9.884426166013171589e-01
9.247060651464790171e-01 3.986590526601097029e-02 9.884426166013171589e-01
7.853685375841648053e-01 9.552518651257785320e-02 8.828034839245595400e-01
7.853685375841648053e-01 9.552518651257785320e-02 8.828034839245595400e-01
7.853685375841648053e-01 9.552518651257785320e-02 8.828034839245595400e-01
7.853685375841648053e-01 9.552518651257785320e-02 8.828034839245595400e-01
7.853685375841648053e-01 9.552518651257785320e-02 8.828034839245595400e-01
7.853685375841648053e-01 9.552518651257785320e-02 8.828034839245595400e-01
7.853685375841648053e-01 9.552518651257785320e-02 8.828034839245595400e-01
7.834959155418497190e-01 9.819351492020259031e-02 8.824802908573670113e-01
7.834959155418497190e-01 9.819351492020259031e-02 8.824802908573670113e-01
7.834959155418497190e-01 9.819351492020259031e-02 8.824802908573670113e-01
7.967481905546337506e-01 7.931014118902970922e-02 8.847674813912161929e-01
7.967481905546337506e-01 7.931014118902970922e-02 8.847674813912161929e-01
7.967481905546337506e-01 7.931014118902970922e-02 8.847674813912161929e-01
8.366025233648435311e-01 1.445339095011521913e-02 9.132912922349042395e-01
8.366025233648435311e-01 1.445339095011521913e-02 9.132912922349042395e-01
8.366025233648435311e-01 1.445339095011521913e-02 9.132912922349042395e-01
8.366025233648435311e-01 1.445339095011521913e-02 9.132912922349042395e-01
7.188037137483574979e-01 8.743256656708467411e-02 8.180385340351834511e-01
7.188037137483574979e-01 8.743256656708467411e-02 8.180385340351834511e-01
6.243517809015931563e-01 4.565374048243950877e-01 5.409983637225186381e-01
6.243517809015931563e-01 4.565374048243950877e-01 5.409983637225186381e-01
6.030100980454998760e-01 4.127974865703910590e-01 4.713767854955165371e-01
6.030100980454998760e-01 4.127974865703910590e-01 4.713767854955165371e-01
6.077259089991924323e-01 3.615989807786392785e-01 5.300659200235633417e-01
6.188542340881706405e-01 3.486887243453641871e-01 4.586890743585470553e-01
6.188542340881706405e-01 3.486887243453641871e-01 4.586890743585470553e-01
6.188542340881706405e-01 3.486887243453641871e-01 4.586890743585470553e-01
6.154909464946951569e-01 3.172547243045298337e-01 5.084486187385072187e-01
6.154909464946951569e-01 3.172547243045298337e-01 5.084486187385072187e-01
6.089053999528870609e-01 2.557048078877183217e-01 6.058812010871290621e-01
6.089053999528870609e-01 2.557048078877183217e-01 6.058812010871290621e-01
6.089053999528870609e-01 2.557048078877183217e-01 6.058812010871290621e-01
6.102782129404491496e-01 2.685354095855331247e-01 5.855705535788693350e-01
6.102782129404491496e-01 2.685354095855331247e-01 5.855705535788693350e-01
6.102782129404491496e-01 2.685354095855331247e-01 5.855705535788693350e-01
6.102782129404491496e-01 2.685354095855331247e-01 5.855705535788693350e-01
6.102782129404491496e-01 2.685354095855331247e-01 5.855705535788693350e-01
6.102782129404491496e-01 2.685354095855331247e-01 5.855705535788693350e-01
5.659914357188982059e-01 2.528302959345306022e-01 6.043644564386645435e-01
5.659914357188982059e-01 2.528302959345306022e-01 6.043644564386645435e-01
5.659914357188982059e-01 2.528302959345306022e-01 6.043644564386645435e-01
5.659914357188982059e-01 2.528302959345306022e-01 6.043644564386645435e-01
5.659914357188982059e-01 2.528302959345306022e-01 6.043644564386645435e-01
5.659914357188982059e-01 2.528302959345306022e-01 6.043644564386645435e-01
8.173421588739374632e-01 7.456305297502473506e-01 8.063696335459857867e-02
8.173421588739374632e-01 7.456305297502473506e-01 8.063696335459857867e-02
8.173421588739374632e-01 7.456305297502473506e-01 8.063696335459857867e-02
8.173421588739374632e-01 7.456305297502473506e-01 8.063696335459857867e-02
7.432284999282964266e-01 5.179633207580298659e-01 3.451882557110637628e-01
7.432284999282964266e-01 5.179633207580298659e-01 3.451882557110637628e-01
7.432284999282964266e-01 5.179633207580298659e-01 3.451882557110637628e-01
7.432284999282964266e-01 5.179633207580298659e-01 3.451882557110637628e-01
7.848624060597912955e-01 5.404587249594754450e-01 2.326341043131079367e-01
7.848624060597912955e-01 5.404587249594754450e-01 2.326341043131079367e-01
6.984856859947478069e-01 3.674964045123232936e-01 4.702707304051469972e-01
6.984856859947478069e-01 3.674964045123232936e-01 4.702707304051469972e-01
6.984856859947478069e-01 3.674964045123232936e-01 4.702707304051469972e-01
6.984856859947478069e-01 3.674964045123232936e-01 4.702707304051469972e-01
6.984856859947478069e-01 3.674964045123232936e-01 4.702707304051469972e-01
6.984856859947478069e-01 3.674964045123232936e-01 4.702707304051469972e-01
6.984856859947478069e-01 3.674964045123232936e-01 4.702707304051469972e-01
6.984856859947478069e-01 3.674964045123232936e-01 4.702707304051469972e-01
6.984856859947478069e-01 3.674964045123232936e-01 4.702707304051469972e-01
6.984856859947478069e-01 3.674964045123232936e-01 4.702707304051469972e-01
6.984856859947478069e-01 3.674964045123232936e-01 4.702707304051469972e-01
6.984856859947478069e-01 3.674964045123232936e-01 4.702707304051469972e-01
6.984856859947478069e-01 3.674964045123232936e-01 4.702707304051469972e-01
6.973173863610672152e-01 3.216668615229398287e-01 5.375665733332490870e-01
6.946945062815800265e-01 3.211436592153711356e-01 5.270882148559545843e-01
7.217168076466662363e-01 8.638128990760320924e-01 9.657600618163360018e-01
7.557223305912683653e-01 7.257822035197981636e-01 9.695599286008311779e-01
7.557223305912683653e-01 7.257822035197981636e-01 9.695599286008311779e-01
7.342058594926019754e-01 8.131190010306846849e-01 9.671556213951879588e-01
7.342058594926019754e-01 8.131190010306846849e-01 9.671556213951879588e-01
7.342058594926019754e-01 8.131190010306846849e-01 9.671556213951879588e-01
7.281942610002682947e-01 8.974360472522431298e-01 9.770669708663012321e-01
7.281942610002682947e-01 8.974360472522431298e-01 9.770669708663012321e-01
7.281942610002682947e-01 8.974360472522431298e-01 9.770669708663012321e-01
7.281942610002682947e-01 8.974360472522431298e-01 9.770669708663012321e-01
7.090227801578408151e-01 7.943003642266707187e-01 9.174119384364368690e-01
7.111412502166480909e-01 7.749104944850075949e-01 9.164516103561796134e-01
7.111412502166480909e-01 7.749104944850075949e-01 9.164516103561796134e-01
7.293944744853756434e-01 8.665493964888756340e-01 9.763312877754817265e-01
7.281979443138471009e-01 8.472302322235856220e-01 9.567408490982177716e-01
7.278474451293287517e-01 8.519779065551927877e-01 9.572115402380061422e-01
7.278474451293287517e-01 8.519779065551927877e-01 9.572115402380061422e-01
7.278474451293287517e-01 8.519779065551927877e-01 9.572115402380061422e-01
7.128317995686391795e-01 7.774621035986369888e-01 9.097464915377357908e-01
7.293732143483023789e-01 6.754893332268838702e-01 9.102202386149497171e-01
7.193976951959818456e-01 5.760191093875643986e-01 7.681329632925187889e-01
7.178868018603095091e-01 5.609533372706614340e-01 7.466124074106166297e-01
7.668536512194632504e-01 3.355376955416781160e-01 8.153626937341590386e-01
7.668536512194632504e-01 3.355376955416781160e-01 8.153626937341590386e-01
7.546957433823744399e-01 2.727605214028760994e-01 8.160397522586615437e-01
6.263839677001844519e-01 1.590326065439797709e-01 7.622688916624711375e-01
6.263839677001844519e-01 1.590326065439797709e-01 7.622688916624711375e-01
6.263839677001844519e-01 1.590326065439797709e-01 7.622688916624711375e-01
6.263839677001844519e-01 1.590326065439797709e-01 7.622688916624711375e-01
6.263839677001844519e-01 1.590326065439797709e-01 7.622688916624711375e-01
6.263839677001844519e-01 1.590326065439797709e-01 7.622688916624711375e-01
6.263839677001844519e-01 1.590326065439797709e-01 7.622688916624711375e-01
5.997023093082193279e-01 1.696907684515753800e-01 7.420401184079422618e-01
5.997023093082193279e-01 1.696907684515753800e-01 7.420401184079422618e-01
5.997023093082193279e-01 1.696907684515753800e-01 7.420401184079422618e-01
6.037833748555059277e-01 2.078332736684705417e-01 6.816611122796282229e-01
6.037833748555059277e-01 2.078332736684705417e-01 6.816611122796282229e-01
6.046401156529528365e-01 2.158405550898316594e-01 6.689857074717304730e-01
5.996600474642341805e-01 1.692957802834122449e-01 7.426653786757331233e-01
4.708833733103742203e-01 2.191027812458878343e-01 6.447252999732291379e-01
4.708833733103742203e-01 2.191027812458878343e-01 6.447252999732291379e-01
4.708833733103742203e-01 2.191027812458878343e-01 6.447252999732291379e-01
4.708833733103742203e-01 2.191027812458878343e-01 6.447252999732291379e-01
4.708833733103742203e-01 2.191027812458878343e-01 6.447252999732291379e-01
4.708833733103742203e-01 2.191027812458878343e-01 6.447252999732291379e-01
4.708833733103742203e-01 2.191027812458878343e-01 6.447252999732291379e-01
4.881245676088894481e-01 2.303438062654589447e-01 6.315101217322320881e-01
4.881245676088894481e-01 2.303438062654589447e-01 6.315101217322320881e-01
5.245571929826133850e-01 2.077729248279257535e-01 6.609697407776409239e-01
5.393946123389770086e-01 2.239077704545009428e-01 6.406996384164337366e-01
2.047016304089191996e-01 7.846320018457578760e-01 7.036172094239671049e-01
2.047016304089191996e-01 7.846320018457578760e-01 7.036172094239671049e-01
5.588266189394782701e-01 4.183283060839603218e-01 8.437049494205346445e-01
5.588266189394782701e-01 4.183283060839603218e-01 8.437049494205346445e-01
5.588266189394782701e-01 4.183283060839603218e-01 8.437049494205346445e-01
5.588266189394782701e-01 4.183283060839603218e-01 8.437049494205346445e-01
5.588266189394782701e-01 4.183283060839603218e-01 8.437049494205346445e-01
5.588266189394782701e-01 4.183283060839603218e-01 8.437049494205346445e-01
5.588266189394782701e-01 4.183283060839603218e-01 8.437049494205346445e-01
5.588266189394782701e-01 4.183283060839603218e-01 8.437049494205346445e-01
5.588266189394782701e-01 4.183283060839603218e-01 8.437049494205346445e-01
6.450314439920468157e-01 2.954937039248819453e-01 8.585829126111688137e-01
6.450314439920468157e-01 2.954937039248819453e-01 8.585829126111688137e-01
6.450314439920468157e-01 2.954937039248819453e-01 8.585829126111688137e-01
6.964409789840549925e-01 2.222394542459841804e-01 8.674556081800338658e-01
6.964409789840549925e-01 2.222394542459841804e-01 8.674556081800338658e-01
6.967076513614953726e-01 2.411839856945936500e-01 8.156544283113820182e-01
6.967076513614953726e-01 2.411839856945936500e-01 8.156544283113820182e-01
6.967204029388932573e-01 2.420898637662274866e-01 8.131774310282839924e-01
7.514146600062836523e-01 1.530834366102323818e-01 8.523221998105287023e-01
6.603645521305910870e-01 2.020630740674197734e-01 7.305651795160787998e-01
6.603645521305910870e-01 2.020630740674197734e-01 7.305651795160787998e-01
6.933726662364997351e-01 1.669251194919089132e-01 7.647884762126528901e-01
6.933726662364997351e-01 1.669251194919089132e-01 7.647884762126528901e-01
6.974952894462520536e-01 1.540385939354000366e-01 7.734208349150405448e-01
